Join_ID,GPS_Building_Code_,Point_Count
1,2503001190,1
1,2503001191,1
1,2503001207,1
5,2502000003,1
5,2502000004,1
5,2502000005,1
5,2502000006,1
5,2502000007,1
5,2502000008,1
5,2502000009,1
5,2502000010,1
5,2502000011,1
5,2502000012,1
5,2502000013,1
5,2502000014,1
5,2502000015,1
5,2502000016,1
5,2502000017,1
5,2502000018,1
5,2502000019,1
5,2502000020,1
5,2502000021,1
5,2502000022,1
5,2502000023,1
5,2502000024,1
5,2502000047,1
5,2502000048,1
5,2502000049,1
5,2502000054,1
5,2502000678,1
5,2502000684,1
5,2502000685,1
5,2502000686,1
5,2502000689,1
5,2502000690,1
5,2502000692,1
5,2502000699,1
5,2502000700,1
5,2502000701,1
5,2502000703,1
5,2502001355,1
5,2502001356,1
5,2502001357,1
5,2502001358,1
5,2502001359,1
5,2502001360,1
5,2502001361,1
5,2502001362,1
5,2502001369,1
5,2502001370,1
5,2502001373,1
5,2502001374,1
5,2502001378,1
5,2502001379,1
5,2502001414,1
5,2502001418,1
5,2502001419,1
5,2502001420,1
5,2502001421,1
5,2502001422,1
5,2502001423,1
5,2502001424,1
5,2502001425,1
5,2502001426,1
5,2502001428,1
5,2502001429,1
5,2502001433,1
5,2502001435,1
5,2502001437,1
5,2502001451,1
5,2502001452,1
5,2502001453,1
5,2502001454,1
5,2502001455,1
5,2502001456,1
5,2502001457,1
5,2502001458,1
5,2502001459,1
5,2502001460,1
5,2502001461,1
5,2502001462,1
5,2502001463,1
5,2502001464,1
5,2502001466,1
5,2502001468,1
5,2502001469,1
5,2502001470,1
5,2502001471,1
5,2502001472,1
5,2502001473,1
5,2502001474,1
5,2502001476,1
5,2502001717,1
5,2503000001,1
5,2503000690,1
5,2503000691,1
5,2503000692,1
5,2503000693,1
5,2503000694,1
5,2503000695,1
5,2503000696,1
5,2503000697,1
5,2503000698,1
5,2503000699,1
5,2503000700,1
5,2503000701,1
5,2503000702,1
5,2503000703,1
5,2503000705,1
5,2503000706,1
5,2503000707,1
5,2503000708,1
5,2503000709,1
5,2503000710,1
5,2503000712,1
5,2503000713,1
5,2503000864,1
5,2503000865,1
5,2503000866,1
5,2503001189,1
5,2503001196,1
5,2503001200,1
5,2503001208,1
5,2503001725,1
5,2503001728,1
5,2503003131,1
5,2503003132,1
5,2503003152,1
5,2503003157,1
5,2503003509,1
5,2504000007,1
5,2504000013,1
5,2504000016,1
5,2504000062,1
8,2502001363,1
8,2502001364,1
8,2502001365,1
8,2502001366,1
8,2502001367,1
8,2502001368,1
9,2503001185,1
12,2502001467,1
19,2502000082,1
19,2502000084,1
19,2502000859,1
19,2502000862,1
19,2503000081,1
19,2503001272,1
19,2503002880,1
19,2503002881,1
37,2503000537,1
37,2503000540,1
37,2503000543,1
37,2503000544,1
37,2503001864,1
39,2502000457,1
39,2502000458,1
39,2502000484,1
39,2502000582,1
39,2502000583,1
39,2502000584,1
39,2502000586,1
39,2502000885,1
39,2502000888,1
39,2502001761,1
39,2502001763,1
39,2502001764,1
39,2502001766,1
39,2502001945,1
39,2502001946,1
39,2502001947,1
39,2502001948,1
39,2502001949,1
39,2502001950,1
39,2502001951,1
39,2502001952,1
39,2502001953,1
39,2502001954,1
39,2502002251,1
39,2503000151,1
39,2503000152,1
39,2503000153,1
39,2503000155,1
39,2503000156,1
39,2503000157,1
39,2503000158,1
39,2503000159,1
39,2503000160,1
39,2503000162,1
39,2503000536,1
39,2503000538,1
39,2503000539,1
39,2503000559,1
39,2503000562,1
39,2503000597,1
39,2503001861,1
39,2503001862,1
39,2503001863,1
39,2503001867,1
39,2503001868,1
39,2503001870,1
39,2503001871,1
39,2503001872,1
39,2503001873,1
39,2503003147,1
39,2503003148,1
39,2503003151,1
39,2503003158,1
39,2503003162,1
42,2502002257,1
42,2502002258,1
42,2502002259,1
42,2502002260,1
42,2502002261,1
42,2502002269,1
42,2503001856,1
42,2503001859,1
42,2503001866,1
43,2503000566,1
43,2503000568,1
43,2503001857,1
43,2503001865,1
44,2503000565,1
44,2503003149,1
44,2503003160,1
44,2503003161,1
49,2502001997,1
49,2502002002,1
49,2503002406,1
49,2503002407,1
49,2503002408,1
49,2503002409,1
49,2503002410,1
49,2503002411,1
49,2503002412,1
53,2503002248,1
53,2503002531,1
53,2503002532,1
53,2503002577,1
53,2503002578,1
53,2503002581,1
53,2503003396,1
53,2503003397,1
53,2503003442,1
53,2503003443,1
53,2503003446,1
54,2503000764,1
54,2503001365,1
54,2503001395,1
54,2503001396,1
54,2503002260,1
54,2503002261,1
54,2503002396,1
54,2503002403,1
54,2503002536,1
54,2503002537,1
54,2503002539,1
54,2503002544,1
54,2503002579,1
54,2503002580,1
54,2503002583,1
54,2503002584,1
54,2503002587,1
54,2503002588,1
54,2503002590,1
54,2503003402,1
54,2503003404,1
54,2503003409,1
54,2503003444,1
54,2503003445,1
54,2503003448,1
54,2503003449,1
54,2503003452,1
54,2503003455,1
57,2503001359,1
57,2503001361,1
57,2503001362,1
57,2503001370,1
57,2503001371,1
57,2503001372,1
57,2503001373,1
57,2503001374,1
57,2503001375,1
57,2503001386,1
57,2503001387,1
57,2503001399,1
57,2503001400,1
57,2503001401,1
57,2503001402,1
57,2503001403,1
57,2503001404,1
57,2503001892,1
57,2503002238,1
57,2503002239,1
57,2503002240,1
57,2503002241,1
57,2503002242,1
57,2503002244,1
57,2503002245,1
57,2503002246,1
57,2503002247,1
57,2503002250,1
57,2503002257,1
57,2503002258,1
57,2503002259,1
57,2503002262,1
57,2503002263,1
57,2503002530,1
57,2503002533,1
57,2503002534,1
57,2503002535,1
57,2503002538,1
57,2503002540,1
57,2503002541,1
57,2503002542,1
57,2503002543,1
57,2503002545,1
57,2503002546,1
57,2503002547,1
57,2503002548,1
57,2503002549,1
57,2503002550,1
57,2503002551,1
57,2503002552,1
57,2503002553,1
57,2503002554,1
57,2503002555,1
57,2503002556,1
57,2503002557,1
57,2503002558,1
57,2503002559,1
57,2503002560,1
57,2503002561,1
57,2503002562,1
57,2503002563,1
57,2503002564,1
57,2503002565,1
57,2503002566,1
57,2503002567,1
57,2503002568,1
57,2503002569,1
57,2503002570,1
57,2503002571,1
57,2503002572,1
57,2503002573,1
57,2503002574,1
57,2503002575,1
57,2503002582,1
57,2503002585,1
57,2503002586,1
57,2503002589,1
57,2503002593,1
57,2503002594,1
57,2503002595,1
57,2503002596,1
57,2503003395,1
57,2503003403,1
57,2503003405,1
57,2503003406,1
57,2503003407,1
57,2503003410,1
57,2503003411,1
57,2503003412,1
57,2503003414,1
57,2503003417,1
57,2503003434,1
57,2503003436,1
57,2503003440,1
57,2503003447,1
57,2503003450,1
57,2503003451,1
57,2504000064,1
58,2503001352,1
58,2503001360,1
60,2503001343,1
60,2503001345,1
60,2503001420,1
60,2503001421,1
60,2503002236,1
60,2503002237,1
60,2503002243,1
60,2503002281,1
60,2503002354,1
60,2503002359,1
60,2503002366,1
60,2503002367,1
60,2503002368,1
60,2503002369,1
60,2503002370,1
60,2503002376,1
60,2503002380,1
60,2503002382,1
60,2503002383,1
60,2503002415,1
60,2504000198,1
61,2502000168,1
61,2502001987,1
61,2502001988,1
61,2502001989,1
61,2502001998,1
61,2502001999,1
61,2502002000,1
61,2502002001,1
61,2502002004,1
61,2502002005,1
61,2503002265,1
61,2503002266,1
61,2503002267,1
61,2503002268,1
61,2503002269,1
61,2503002270,1
61,2503002271,1
61,2503002272,1
61,2503002273,1
61,2503002274,1
61,2503002275,1
61,2503002276,1
61,2503002277,1
61,2503002278,1
61,2503002279,1
61,2503002280,1
61,2503002282,1
61,2503002286,1
61,2503002355,1
61,2503002356,1
61,2503002357,1
61,2503002358,1
61,2503002360,1
61,2503002361,1
61,2503002362,1
61,2503002363,1
61,2503002365,1
61,2503002371,1
61,2503002372,1
61,2503002373,1
61,2503002374,1
61,2503002375,1
61,2503002377,1
61,2503002378,1
61,2503002379,1
61,2503002381,1
61,2503002394,1
61,2503002400,1
61,2503002401,1
61,2503002414,1
61,2503002416,1
61,2503002592,1
65,2503001364,1
68,2503001376,1
68,2503002252,1
68,2503002254,1
68,2503002364,1
71,2503002576,1
71,2503003441,1
72,2503002413,1
74,2502000787,1
74,2502000788,1
74,2502000789,1
74,2502000790,1
74,2502000791,1
74,2502000792,1
74,2502000794,1
74,2502000866,1
74,2502001292,1
74,2502001293,1
74,2502001294,1
74,2502001295,1
74,2502001296,1
74,2502001297,1
74,2502001298,1
74,2502001300,1
74,2502001301,1
74,2502001305,1
74,2502001320,1
74,2503000043,1
74,2503000050,1
74,2503000052,1
74,2503000068,1
74,2503000074,1
74,2503000079,1
74,2503000080,1
74,2503000083,1
74,2503000084,1
74,2503000085,1
74,2503000086,1
74,2503000087,1
74,2503000088,1
74,2503000089,1
74,2503000092,1
74,2503000093,1
74,2503000094,1
74,2503000099,1
74,2503000347,1
74,2503000374,1
74,2503000576,1
74,2503000602,1
74,2503000603,1
74,2503000604,1
74,2503000605,1
74,2503000606,1
74,2503000609,1
74,2503000611,1
74,2503000612,1
74,2503000615,1
74,2503000635,1
74,2503000636,1
74,2503000637,1
74,2503000639,1
74,2503000640,1
74,2503000641,1
74,2503000642,1
74,2503000643,1
74,2503000644,1
74,2503000645,1
74,2503000646,1
74,2503000647,1
74,2503000967,1
74,2503000969,1
74,2503000970,1
74,2503000971,1
74,2503000972,1
74,2503000973,1
74,2503000974,1
74,2503000975,1
74,2503000976,1
74,2503000977,1
74,2503000978,1
74,2503000979,1
74,2503000980,1
74,2503000981,1
74,2503000982,1
74,2503000983,1
74,2503000984,1
74,2503000985,1
74,2503000986,1
74,2503000987,1
74,2503000988,1
74,2503000989,1
74,2503000990,1
74,2503000991,1
74,2503000992,1
74,2503000993,1
74,2503000994,1
74,2503000995,1
74,2503000996,1
74,2503000997,1
74,2503000998,1
74,2503000999,1
74,2503001000,1
74,2503001001,1
74,2503001002,1
74,2503001003,1
74,2503001004,1
74,2503001005,1
74,2503001006,1
74,2503001049,1
74,2503001051,1
74,2503001053,1
74,2503001063,1
74,2503001064,1
74,2503001109,1
74,2503001110,1
74,2503001523,1
74,2503001525,1
74,2503001527,1
74,2503001528,1
74,2503001529,1
74,2503001530,1
74,2503001531,1
74,2503001533,1
74,2503001534,1
74,2503001535,1
74,2503001536,1
74,2503001537,1
74,2503001538,1
74,2503001539,1
74,2503001540,1
74,2503001541,1
74,2503001542,1
74,2503001543,1
74,2503001544,1
74,2503001545,1
74,2503001546,1
74,2503001547,1
74,2503001548,1
74,2503001549,1
74,2503001550,1
74,2503001551,1
74,2503001552,1
74,2503001553,1
74,2503001554,1
74,2503001555,1
74,2503001556,1
74,2503001557,1
74,2503001558,1
74,2503001559,1
74,2503001560,1
74,2503001561,1
74,2503001562,1
74,2503001563,1
74,2503001564,1
74,2503001565,1
74,2503001566,1
74,2503001567,1
74,2503001568,1
74,2503001569,1
74,2503001570,1
74,2503001571,1
74,2503001572,1
74,2503001573,1
74,2503001574,1
74,2503001575,1
74,2503001626,1
74,2503001628,1
74,2503001629,1
74,2503001630,1
74,2503001638,1
74,2503001639,1
74,2503001640,1
74,2503001641,1
74,2503001642,1
74,2503001643,1
74,2503001644,1
74,2503001645,1
74,2503001646,1
74,2503001647,1
74,2503001648,1
74,2503001649,1
74,2503001650,1
74,2503001651,1
74,2503001654,1
74,2503001655,1
74,2503001658,1
74,2503001660,1
74,2503001662,1
74,2503001663,1
74,2503001664,1
74,2503001665,1
74,2503001666,1
74,2503001667,1
74,2503001670,1
74,2503001671,1
74,2503001672,1
74,2503001673,1
74,2503001674,1
74,2503001675,1
74,2503001676,1
74,2503002125,1
74,2503002126,1
74,2503002127,1
74,2503002128,1
74,2503002129,1
74,2503002130,1
74,2503002131,1
74,2503002132,1
74,2503002133,1
74,2503002134,1
74,2503002135,1
74,2503002136,1
74,2503002137,1
74,2503002138,1
74,2503002139,1
74,2503002140,1
74,2503002141,1
74,2503002142,1
74,2503002143,1
74,2503002144,1
74,2503002145,1
74,2503002146,1
74,2503002147,1
74,2503002148,1
74,2503002149,1
74,2503002150,1
74,2503002151,1
74,2503002152,1
74,2503002153,1
74,2503002154,1
74,2503002155,1
74,2503002900,1
74,2503002903,1
74,2503002904,1
74,2503002905,1
74,2503002906,1
74,2503002907,1
74,2503002908,1
74,2503002909,1
74,2503002911,1
74,2503002912,1
74,2503002913,1
74,2503002914,1
74,2503002915,1
74,2503002916,1
74,2503002918,1
74,2503002919,1
74,2503002920,1
74,2503002921,1
74,2503002922,1
74,2503002926,1
74,2503002929,1
74,2503002930,1
74,2503002931,1
74,2503002932,1
74,2503002933,1
74,2503002934,1
74,2503002935,1
74,2503002937,1
74,2503002951,1
74,2503002952,1
74,2503002953,1
74,2503002954,1
74,2503002955,1
74,2503002956,1
74,2503002957,1
74,2503002958,1
74,2503002959,1
74,2503002960,1
74,2503002961,1
74,2503002963,1
74,2503002964,1
74,2503002965,1
74,2503002966,1
74,2503002968,1
74,2503002981,1
74,2503003230,1
74,2504000069,1
74,2504000070,1
74,2504000071,1
74,2504000072,1
74,2504000073,1
74,2504000074,1
74,2504000075,1
74,2504000076,1
74,2504000077,1
74,2504000078,1
74,2504000080,1
74,2504000081,1
74,2504000082,1
74,2504000083,1
74,2504000084,1
74,2504000085,1
74,2504000086,1
74,2504000088,1
74,2504000089,1
74,2504000090,1
74,2504000091,1
74,2504000092,1
74,2504000093,1
74,2504000094,1
74,2504000095,1
74,2504000096,1
74,2506000003,1
74,2506000004,1
74,2506000005,1
76,2503000072,1
76,2503000073,1
76,2503000077,1
76,2503000078,1
76,2503000082,1
76,2503001071,1
76,2503001072,1
78,2503000095,1
78,2503000097,1
78,2503000331,1
78,2503000332,1
78,2503000333,1
78,2503000334,1
78,2503000335,1
78,2503000337,1
78,2503000339,1
78,2503000340,1
78,2503000341,1
78,2503000342,1
78,2503000343,1
78,2503000344,1
78,2503000345,1
78,2503000346,1
78,2503000348,1
78,2503000349,1
78,2503000350,1
78,2503000351,1
78,2503000353,1
78,2503000354,1
78,2503000355,1
78,2503000357,1
78,2503000358,1
78,2503000365,1
78,2503000369,1
78,2503000370,1
78,2503000372,1
78,2503002938,1
78,2503002944,1
78,2503002946,1
78,2503002995,1
78,2503002996,1
78,2504000301,1
78,2505000057,1
78,2505000059,1
78,2506000001,1
80,2503000044,1
80,2503000045,1
80,2503000046,1
80,2503000047,1
80,2503000048,1
80,2503000049,1
80,2503000098,1
80,2503000100,1
80,2503000101,1
80,2503000102,1
80,2503000103,1
80,2503000104,1
80,2503000105,1
80,2503000106,1
80,2503000336,1
80,2503000338,1
80,2503000356,1
80,2503000359,1
80,2503000360,1
80,2503000361,1
80,2503000362,1
80,2503000363,1
80,2503000364,1
80,2503000366,1
80,2503000367,1
80,2503000368,1
80,2503001050,1
80,2503001052,1
80,2503001054,1
80,2503001055,1
80,2503001057,1
80,2503001058,1
80,2503001059,1
80,2503001060,1
80,2503001061,1
80,2503001062,1
80,2503001065,1
80,2503001067,1
80,2503001068,1
80,2503002923,1
80,2503002924,1
80,2503002925,1
80,2503002927,1
80,2503002928,1
80,2503002936,1
80,2503002940,1
80,2503002941,1
80,2503002943,1
80,2503002945,1
80,2503002947,1
80,2503002948,1
80,2503002949,1
80,2503002962,1
80,2503002969,1
80,2503002970,1
80,2503002971,1
80,2503002972,1
80,2503002973,1
80,2503002974,1
80,2503002975,1
80,2503002976,1
80,2503002977,1
80,2503002978,1
80,2503002979,1
80,2503002980,1
80,2503002982,1
80,2503002983,1
80,2503002984,1
80,2503002985,1
80,2503002986,1
80,2503002987,1
80,2503002988,1
80,2503002989,1
80,2503002990,1
80,2503002991,1
80,2503002992,1
80,2503002993,1
80,2503002994,1
80,2505000061,1
83,2503000090,1
83,2503000638,1
89,2503000051,1
89,2503000096,1
89,2503000373,1
89,2503001070,1
92,2503001066,1
92,2503001069,1
92,2503002939,1
92,2503002942,1
92,2503002950,1
92,2503002967,1
113,2502002083,1
113,2502002087,1
113,2503001259,1
113,2503001260,1
113,2503001896,1
113,2503001897,1
113,2503001903,1
113,2503001904,1
113,2503001905,1
113,2503001906,1
113,2503001907,1
113,2503001908,1
113,2503001909,1
113,2503001910,1
113,2503001911,1
113,2503001912,1
113,2503001913,1
113,2503001914,1
113,2503001915,1
113,2503001916,1
113,2503001917,1
113,2503001918,1
113,2503001919,1
113,2503001920,1
113,2503002754,1
113,2503002778,1
113,2503002825,1
113,2503002828,1
113,2503002829,1
113,2503002830,1
113,2503002831,1
113,2503002832,1
113,2503002834,1
113,2503002835,1
117,2502000085,1
117,2502001371,1
117,2502001372,1
117,2502001376,1
117,2502001408,1
117,2502001465,1
117,2502002078,1
117,2502002079,1
117,2502002080,1
117,2502002081,1
117,2502002082,1
117,2502002084,1
117,2502002085,1
117,2502002086,1
117,2502002089,1
117,2502002090,1
117,2502002091,1
117,2502002092,1
117,2502002093,1
117,2502002094,1
117,2502002095,1
117,2502002096,1
117,2503000711,1
117,2503001240,1
117,2503001241,1
117,2503001242,1
117,2503001243,1
117,2503001244,1
117,2503001245,1
117,2503001246,1
117,2503001247,1
117,2503001248,1
117,2503001249,1
117,2503001250,1
117,2503001251,1
117,2503001252,1
117,2503001253,1
117,2503001254,1
117,2503001255,1
117,2503001256,1
117,2503001257,1
117,2503001258,1
117,2503001261,1
117,2503001262,1
117,2503001263,1
117,2503001264,1
117,2503001265,1
117,2503001267,1
117,2503001268,1
117,2503001269,1
117,2503001270,1
117,2503001271,1
117,2503001273,1
117,2503001274,1
117,2503001275,1
117,2503001276,1
117,2503001277,1
117,2503001278,1
117,2503001279,1
117,2503001281,1
117,2503001282,1
117,2503001283,1
117,2503001284,1
117,2503001285,1
117,2503001286,1
117,2503001898,1
117,2503001899,1
117,2503001900,1
117,2503001901,1
117,2503001902,1
117,2503001948,1
117,2503001951,1
117,2503001952,1
117,2503001953,1
117,2503001954,1
117,2503001957,1
117,2503001960,1
117,2503002745,1
117,2503002746,1
117,2503002747,1
117,2503002748,1
117,2503002749,1
117,2503002750,1
117,2503002751,1
117,2503002752,1
117,2503002753,1
117,2503002755,1
117,2503002756,1
117,2503002758,1
117,2503002759,1
117,2503002760,1
117,2503002763,1
117,2503002765,1
117,2503002766,1
117,2503002767,1
117,2503002768,1
117,2503002769,1
117,2503002770,1
117,2503002771,1
117,2503002772,1
117,2503002773,1
117,2503002776,1
117,2503002777,1
117,2503002816,1
117,2503002817,1
117,2503002818,1
117,2503002823,1
117,2503002824,1
117,2503002875,1
117,2503002879,1
117,2503002882,1
117,2503003118,1
117,2503003224,1
117,2503003376,1
117,2503003378,1
117,2504000010,1
117,2504000014,1
117,2504000201,1
117,2504000202,1
117,2504000221,1
117,2504000223,1
117,2504000224,1
119,2503001239,1
119,2503001949,1
119,2503003115,1
119,2503003377,1
120,2503001958,1
120,2503001959,1
120,2503001964,1
120,2503003116,1
120,2503003117,1
136,2504000268,1
136,2504000270,1
136,2504000271,1
198,2502001734,1
201,2502001735,1
201,2502001738,1
201,2503003125,1
201,2503003127,1
229,2502000156,1
229,2502000679,1
229,2502000680,1
229,2502000681,1
229,2502000683,1
229,2502000694,1
229,2502000697,1
229,2502000698,1
229,2502001204,1
229,2502002248,1
229,2502002253,1
229,2502002255,1
229,2503000218,1
229,2503000473,1
229,2503000491,1
229,2503001718,1
229,2503001955,1
229,2504000001,1
229,2504000003,1
229,2504000004,1
229,2504000008,1
229,2504000011,1
229,2504000015,1
229,2504000017,1
229,2504000018,1
229,2504000019,1
229,2504000020,1
229,2504000021,1
230,2502000531,1
230,2502001211,1
230,2502002244,1
230,2502002263,1
230,2502002265,1
230,2502002266,1
230,2503000460,1
230,2503000471,1
230,2503000472,1
230,2503000474,1
230,2503000475,1
230,2503000476,1
230,2503000478,1
230,2503000480,1
230,2503000481,1
230,2503000482,1
230,2503000483,1
230,2503000485,1
230,2503000486,1
230,2503000500,1
230,2503000501,1
230,2503000750,1
230,2503000751,1
230,2503000752,1
230,2503000753,1
230,2503000754,1
230,2503000755,1
230,2503000756,1
230,2503000757,1
230,2503000758,1
230,2503000759,1
230,2503000760,1
230,2503000761,1
230,2503000762,1
230,2503000789,1
230,2503000790,1
230,2503000791,1
230,2503000792,1
230,2503000793,1
230,2503000794,1
230,2503000795,1
230,2503000796,1
230,2503000797,1
230,2503000798,1
230,2503000800,1
230,2503001720,1
230,2503001723,1
230,2503001726,1
230,2503001727,1
230,2503001729,1
230,2503001730,1
230,2503001732,1
230,2503001733,1
230,2503001734,1
230,2503001999,1
230,2503002000,1
230,2503002001,1
230,2503002002,1
230,2503002003,1
230,2503002004,1
230,2503002005,1
230,2503002006,1
230,2503002007,1
230,2503002008,1
230,2503002009,1
230,2503002010,1
230,2503002011,1
230,2503002012,1
230,2503002013,1
230,2503002014,1
230,2503002016,1
230,2503002017,1
230,2503002018,1
230,2503002019,1
230,2503002020,1
230,2503002021,1
230,2503002022,1
230,2503002023,1
230,2503002024,1
230,2503002025,1
230,2503002026,1
230,2503002027,1
230,2503002028,1
230,2503002029,1
230,2503002030,1
230,2503002031,1
230,2503002032,1
230,2503002033,1
230,2503002035,1
230,2503002036,1
230,2503002038,1
230,2503002039,1
230,2503002040,1
230,2503002041,1
230,2503002042,1
230,2503002043,1
230,2503002044,1
230,2503002045,1
230,2503002046,1
230,2503002047,1
230,2503002048,1
230,2503002049,1
230,2503002050,1
230,2503002051,1
230,2503002052,1
230,2503002053,1
230,2503002055,1
230,2503002056,1
230,2503002057,1
230,2503002058,1
230,2503002059,1
230,2503002060,1
230,2503002061,1
230,2503002062,1
230,2503002063,1
230,2504000005,1
232,2503000010,1
232,2503000479,1
232,2503000488,1
232,2503000489,1
232,2503000490,1
232,2503000492,1
232,2503000496,1
232,2503000498,1
232,2503001341,1
232,2503001966,1
232,2504000207,1
239,2503000477,1
239,2503001731,1
242,2502001746,1
242,2503000877,1
242,2503001116,1
242,2504000042,1
268,2503002675,1
268,2503002676,1
268,2503002677,1
268,2503002678,1
268,2503002679,1
268,2503002680,1
268,2503002681,1
268,2503002682,1
268,2503002683,1
268,2503002684,1
268,2503002685,1
268,2503002686,1
268,2503002687,1
268,2503002688,1
268,2503002689,1
268,2503002690,1
268,2503002691,1
268,2503002692,1
268,2503002693,1
268,2503002694,1
268,2503002695,1
268,2503002696,1
268,2503002697,1
268,2503002698,1
268,2503002699,1
268,2503002700,1
268,2503002701,1
268,2503002702,1
268,2503002703,1
268,2503002706,1
268,2503002708,1
268,2503002710,1
268,2503002713,1
268,2503002715,1
268,2503003233,1
268,2503003234,1
268,2503003235,1
268,2503003236,1
268,2503003237,1
268,2503003238,1
268,2503003239,1
268,2503003240,1
268,2503003241,1
268,2503003242,1
268,2503003243,1
268,2503003244,1
268,2503003245,1
268,2503003246,1
268,2503003247,1
268,2503003248,1
268,2503003249,1
268,2503003250,1
268,2503003251,1
268,2503003252,1
268,2503003253,1
268,2503003254,1
268,2503003255,1
268,2503003256,1
268,2503003257,1
268,2503003258,1
268,2503003259,1
268,2503003260,1
268,2503003261,1
268,2503003262,1
268,2503003263,1
268,2503003264,1
268,2503003265,1
268,2503003266,1
268,2503003267,1
268,2503003268,1
268,2503003269,1
268,2503003270,1
268,2503003272,1
268,2503003275,1
268,2503003277,1
268,2503003279,1
268,2503003281,1
268,2503003283,1
268,2503003286,1
268,2503003288,1
268,2503003290,1
268,2503003292,1
268,2503003294,1
268,2503003296,1
268,2503003298,1
268,2503003301,1
268,2503003303,1
268,2503003305,1
268,2503003307,1
268,2503003309,1
268,2504000131,1
268,2504000132,1
268,2504000133,1
268,2504000134,1
268,2504000135,1
268,2504000136,1
268,2504000137,1
268,2504000138,1
268,2504000139,1
268,2504000140,1
268,2504000141,1
268,2504000142,1
268,2504000143,1
268,2504000144,1
268,2504000145,1
268,2504000146,1
268,2504000147,1
268,2504000148,1
268,2504000149,1
268,2504000150,1
285,2505000003,1
295,2502000626,1
295,2502000627,1
295,2502001205,1
295,2503000196,1
295,2503000222,1
295,2503000223,1
295,2503000224,1
295,2503001122,1
295,2503001123,1
295,2503001124,1
297,2503000558,1
297,2503001206,1
299,2502000180,1
299,2502000182,1
299,2502000183,1
299,2502000184,1
299,2502000190,1
299,2502000191,1
299,2502000192,1
299,2502000196,1
299,2502000513,1
299,2502000593,1
299,2502000596,1
299,2502000597,1
299,2502000599,1
299,2502000601,1
299,2502000602,1
299,2502000604,1
299,2502000605,1
299,2502000606,1
299,2502000608,1
299,2502000609,1
299,2502000610,1
299,2502000611,1
299,2502000612,1
299,2502000613,1
299,2502000615,1
299,2502000617,1
299,2502000618,1
299,2502000619,1
299,2502000620,1
299,2502000622,1
299,2502000623,1
299,2502000624,1
299,2502000628,1
299,2502000629,1
299,2502001129,1
299,2502001130,1
299,2502001131,1
299,2502001132,1
299,2502001133,1
299,2502001134,1
299,2502001135,1
299,2502001136,1
299,2502001137,1
299,2502001138,1
299,2502001143,1
299,2502001144,1
299,2502001153,1
299,2502001188,1
299,2502001190,1
299,2502001191,1
299,2502001192,1
299,2502001193,1
299,2502001194,1
299,2502001195,1
299,2502001198,1
299,2502001199,1
299,2502001200,1
299,2502001201,1
299,2502001202,1
299,2502001203,1
299,2502001206,1
299,2502001207,1
299,2502001208,1
299,2502001209,1
299,2502001210,1
299,2502001212,1
299,2502001213,1
299,2502001711,1
299,2502001712,1
299,2502001713,1
299,2502001714,1
299,2502001715,1
299,2502001718,1
299,2502001720,1
299,2502001721,1
299,2502001739,1
299,2502001740,1
299,2502001741,1
299,2502001742,1
299,2502001743,1
299,2502001744,1
299,2502001745,1
299,2502001747,1
299,2502001751,1
299,2502001752,1
299,2502001754,1
299,2502001755,1
299,2502002116,1
299,2502002136,1
299,2502002137,1
299,2502002138,1
299,2502002140,1
299,2502002141,1
299,2502002142,1
299,2502002143,1
299,2502002144,1
299,2502002145,1
299,2502002146,1
299,2502002147,1
299,2502002148,1
299,2502002149,1
299,2502002150,1
299,2502002151,1
299,2502002152,1
299,2502002153,1
299,2502002154,1
299,2502002155,1
299,2502002156,1
299,2502002158,1
299,2502002159,1
299,2502002160,1
299,2502002161,1
299,2502002162,1
299,2502002163,1
299,2502002164,1
299,2502002165,1
299,2502002166,1
299,2502002167,1
299,2502002171,1
299,2502002172,1
299,2502002173,1
299,2502002174,1
299,2502002175,1
299,2502002176,1
299,2502002177,1
299,2502002178,1
299,2502002179,1
299,2502002180,1
299,2502002181,1
299,2502002243,1
299,2502002252,1
299,2502002254,1
299,2503000182,1
299,2503000183,1
299,2503000185,1
299,2503000186,1
299,2503000187,1
299,2503000189,1
299,2503000190,1
299,2503000192,1
299,2503000194,1
299,2503000195,1
299,2503000197,1
299,2503000198,1
299,2503000199,1
299,2503000200,1
299,2503000201,1
299,2503000202,1
299,2503000203,1
299,2503000204,1
299,2503000205,1
299,2503000206,1
299,2503000207,1
299,2503000208,1
299,2503000209,1
299,2503000210,1
299,2503000211,1
299,2503000212,1
299,2503000215,1
299,2503000216,1
299,2503000217,1
299,2503000221,1
299,2503000225,1
299,2503000440,1
299,2503000441,1
299,2503000442,1
299,2503000499,1
299,2503000802,1
299,2503000806,1
299,2503000809,1
299,2503000876,1
299,2503000881,1
299,2503001114,1
299,2503001125,1
299,2503001126,1
299,2503001127,1
299,2503001128,1
299,2503001129,1
299,2503001130,1
299,2503001132,1
299,2503001133,1
299,2503001198,1
299,2503001199,1
299,2503001238,1
299,2503001716,1
299,2503001717,1
299,2503001722,1
299,2503001724,1
299,2503001735,1
299,2503003359,1
300,2502001139,1
300,2502001140,1
300,2502001141,1
300,2502001142,1
300,2502001145,1
300,2502001146,1
300,2502001148,1
300,2502001150,1
300,2502001151,1
300,2502001152,1
300,2502001722,1
300,2502002139,1
300,2503000181,1
300,2503000495,1
300,2503001115,1
300,2503001280,1
300,2503003172,1
308,2502001189,1
309,2502000185,1
309,2502001128,1
309,2502001197,1
309,2502002157,1
309,2502002182,1
309,2503000184,1
309,2503000188,1
309,2503000191,1
309,2503000193,1
309,2503000219,1
309,2503001131,1
309,2503001134,1
310,2502000594,1
312,2502000181,1
312,2502000598,1
312,2502001147,1
312,2502001149,1
312,2502001187,1
312,2502001196,1
312,2502001710,1
312,2502001749,1
312,2503000213,1
312,2503000214,1
312,2503000220,1
365,2502000100,1
365,2502000101,1
365,2502000102,1
365,2502000103,1
365,2502000104,1
365,2502000105,1
365,2502000106,1
365,2502000107,1
365,2502000108,1
365,2502000120,1
365,2502000121,1
365,2502000122,1
365,2502000123,1
365,2502000842,1
365,2503000298,1
365,2503002193,1
365,2503002194,1
365,2503002195,1
365,2503002196,1
365,2503002197,1
365,2503002198,1
365,2503002199,1
365,2503002200,1
365,2503002201,1
365,2503002203,1
365,2503002204,1
365,2503002205,1
365,2503002206,1
368,2502000130,1
368,2502000131,1
368,2502000133,1
368,2502000134,1
368,2502000135,1
368,2502000136,1
368,2502000137,1
368,2502000138,1
368,2502000139,1
368,2502000151,1
368,2502000152,1
368,2502000153,1
368,2502000157,1
368,2502000350,1
368,2502000351,1
368,2502000354,1
368,2502000355,1
368,2502000356,1
368,2502000357,1
368,2502000358,1
368,2502000359,1
368,2502000360,1
368,2502000361,1
368,2502000362,1
368,2502000363,1
368,2502000364,1
368,2502000365,1
368,2502000366,1
368,2502000367,1
368,2502000368,1
368,2502000369,1
368,2502000370,1
368,2502000371,1
368,2502000372,1
368,2502000373,1
368,2502000374,1
368,2502000375,1
368,2502000376,1
368,2502000377,1
368,2502000378,1
368,2502000379,1
368,2502000380,1
368,2502000381,1
368,2502000487,1
368,2502000488,1
368,2502000489,1
368,2502000490,1
368,2502000491,1
368,2502000493,1
368,2502000494,1
368,2502000495,1
368,2502000839,1
368,2502000840,1
368,2502000841,1
368,2502000843,1
368,2502000844,1
368,2502000845,1
368,2502000846,1
368,2502000910,1
368,2502000925,1
368,2502001913,1
368,2502001914,1
368,2502001915,1
368,2502001917,1
368,2502001918,1
368,2502001919,1
368,2503000002,1
368,2503000003,1
368,2503000004,1
368,2503000005,1
368,2503000006,1
368,2503000007,1
368,2503000008,1
368,2503000009,1
368,2503000011,1
368,2503000012,1
368,2503000013,1
368,2503000015,1
368,2503000016,1
368,2503000017,1
368,2503000274,1
368,2503000275,1
368,2503000276,1
368,2503000277,1
368,2503000278,1
368,2503000279,1
368,2503000280,1
368,2503000281,1
368,2503000282,1
368,2503000283,1
368,2503000284,1
368,2503000285,1
368,2503000286,1
368,2503000287,1
368,2503000288,1
368,2503000289,1
368,2503000290,1
368,2503000291,1
368,2503000292,1
368,2503000293,1
368,2503000294,1
368,2503000297,1
368,2503000299,1
368,2503000436,1
368,2503000437,1
368,2503000438,1
368,2503000439,1
368,2503000443,1
368,2503000444,1
368,2503000445,1
368,2503000446,1
368,2503000447,1
368,2503001188,1
368,2503002190,1
368,2503002192,1
368,2503002202,1
368,2503002672,1
370,2502000126,1
370,2502000127,1
370,2502000128,1
370,2502000129,1
370,2502000132,1
370,2502000346,1
370,2502000347,1
370,2502000348,1
370,2502000349,1
370,2502000353,1
370,2502000492,1
370,2503000014,1
370,2503000296,1
370,2503001201,1
370,2503001202,1
370,2503001203,1
370,2503001204,1
370,2503002191,1
381,2502001916,1
404,2502001299,1
404,2502001313,1
404,2502001314,1
404,2502001315,1
404,2502001316,1
404,2502001317,1
404,2502001318,1
404,2502001319,1
404,2502001321,1
404,2502001322,1
404,2502002118,1
404,2502002119,1
404,2502002120,1
404,2502002122,1
404,2502002125,1
404,2502002126,1
408,2502000739,1
408,2502000740,1
408,2502000741,1
408,2502000746,1
408,2502000753,1
408,2502000755,1
408,2502000756,1
408,2502001245,1
408,2502001246,1
408,2502001247,1
408,2502001248,1
408,2502001249,1
408,2502001250,1
408,2502001251,1
408,2502001252,1
408,2502001253,1
408,2502001254,1
408,2502001255,1
408,2502001256,1
408,2502001257,1
408,2502001258,1
408,2502001259,1
408,2502001260,1
408,2502001261,1
408,2502001262,1
408,2502001263,1
408,2502001264,1
408,2502001265,1
408,2502001266,1
408,2502001302,1
408,2502001303,1
408,2502001304,1
408,2502001811,1
408,2502001812,1
408,2502001813,1
408,2502001814,1
408,2502001815,1
408,2502001816,1
408,2502001817,1
408,2502001818,1
408,2502001819,1
408,2502001820,1
408,2502001821,1
408,2502001822,1
408,2502001823,1
408,2502001824,1
408,2502001825,1
408,2502001826,1
408,2502001827,1
408,2502001828,1
408,2502001829,1
408,2502001830,1
408,2502001831,1
408,2502001832,1
408,2502001833,1
408,2502001834,1
408,2502001835,1
408,2502001836,1
408,2502001837,1
408,2502001838,1
408,2502001839,1
408,2502001840,1
408,2502001841,1
408,2502001842,1
408,2502001843,1
408,2502001844,1
408,2502001845,1
408,2502001846,1
408,2502001847,1
408,2502001848,1
408,2502001849,1
408,2502001850,1
408,2502001851,1
408,2502001852,1
408,2502001853,1
408,2502001854,1
408,2502001855,1
408,2502001857,1
408,2502001858,1
408,2503001796,1
408,2503001798,1
408,2503001799,1
408,2503001800,1
408,2503001802,1
408,2504000060,1
409,2502000760,1
409,2502000761,1
409,2502000762,1
409,2502001568,1
409,2502001967,1
409,2502001968,1
409,2502001969,1
409,2502001981,1
409,2502001994,1
409,2502002008,1
409,2503001764,1
409,2503001765,1
409,2503001766,1
409,2503001767,1
409,2503001771,1
409,2503001772,1
409,2503001773,1
409,2503001774,1
409,2503001775,1
409,2503001784,1
409,2503002285,1
409,2503002493,1
409,2503002494,1
409,2503002495,1
409,2503002496,1
409,2503002498,1
409,2503002506,1
410,2502000742,1
410,2502000743,1
410,2502000744,1
410,2502000745,1
410,2502000747,1
410,2502000748,1
410,2502000749,1
410,2502000750,1
410,2502000751,1
410,2502000752,1
410,2502000754,1
410,2502000757,1
410,2502000758,1
410,2502000759,1
410,2502000850,1
410,2502000852,1
410,2502000853,1
410,2502000854,1
410,2502000855,1
410,2502000856,1
410,2502000857,1
410,2502000858,1
410,2502000860,1
410,2502000861,1
410,2502000863,1
410,2502000864,1
410,2502000865,1
410,2502001306,1
410,2502001307,1
410,2502001308,1
410,2502001309,1
410,2502001310,1
410,2502001312,1
410,2502001569,1
410,2502001570,1
410,2502001571,1
410,2502001572,1
410,2502001573,1
410,2502001574,1
410,2502001575,1
410,2502001576,1
410,2502001577,1
410,2502001578,1
410,2502001579,1
410,2502001580,1
410,2502001581,1
410,2502001582,1
410,2502001583,1
410,2502001584,1
410,2502001585,1
410,2502001586,1
410,2502001982,1
410,2502001986,1
410,2502001995,1
410,2502001996,1
410,2502002003,1
410,2502002009,1
410,2503001349,1
410,2503001768,1
410,2503001770,1
410,2503001776,1
410,2503001777,1
410,2503001778,1
410,2503001780,1
410,2503001781,1
410,2503001782,1
410,2503001783,1
410,2503001785,1
410,2503001786,1
410,2503001787,1
410,2503001788,1
410,2503001789,1
410,2503001790,1
410,2503001791,1
410,2503001792,1
410,2503001793,1
410,2503001795,1
410,2503001803,1
410,2503001804,1
410,2503001805,1
410,2503001806,1
410,2503002490,1
410,2503002491,1
410,2503002492,1
410,2503002497,1
410,2503002499,1
410,2503002500,1
410,2503002501,1
410,2503002502,1
410,2503002503,1
410,2503002504,1
410,2503002505,1
410,2503002507,1
413,2502000851,1
413,2502002007,1
413,2502002134,1
413,2503001794,1
414,2503002508,1
415,2503003124,1
415,2503003133,1
415,2503003134,1
415,2503003137,1
415,2503003139,1
415,2503003140,1
415,2503003142,1
415,2503003143,1
415,2503003145,1
415,2503003347,1
415,2503003355,1
417,2503003138,1
420,2502001716,1
420,2502001719,1
420,2502001750,1
420,2502002169,1
420,2502002170,1
420,2503000541,1
420,2503000542,1
420,2503001121,1
421,2502002168,1
451,2503002404,1
451,2503002405,1
451,2504000259,1
454,2502000056,1
454,2502000057,1
454,2502000178,1
454,2502000205,1
454,2502000206,1
454,2502000207,1
454,2502000209,1
454,2502000210,1
454,2502000216,1
454,2502000220,1
454,2502000222,1
454,2502000223,1
454,2502000224,1
454,2502000225,1
454,2502000226,1
454,2502000227,1
454,2502000229,1
454,2502000230,1
454,2502000231,1
454,2502000233,1
454,2502000234,1
454,2502000235,1
454,2502000237,1
454,2502000238,1
454,2502000239,1
454,2502000240,1
454,2502000241,1
454,2502000243,1
454,2502000245,1
454,2502000272,1
454,2502000273,1
454,2502000274,1
454,2502000275,1
454,2502000276,1
454,2502000277,1
454,2502000278,1
454,2502000279,1
454,2502000280,1
454,2502000281,1
454,2502000282,1
454,2502000283,1
454,2502000284,1
454,2502000285,1
454,2502000286,1
454,2502000287,1
454,2502000307,1
454,2502000308,1
454,2502000310,1
454,2502000311,1
454,2502000312,1
454,2502000313,1
454,2502000314,1
454,2502000315,1
454,2502000316,1
454,2502000317,1
454,2502000318,1
454,2502000319,1
454,2502000320,1
454,2502000321,1
454,2502000322,1
454,2502000324,1
454,2502000325,1
454,2502000676,1
454,2502000804,1
454,2502000805,1
454,2502000806,1
454,2502000807,1
454,2502000808,1
454,2502000809,1
454,2502000810,1
454,2502000811,1
454,2502000812,1
454,2502000813,1
454,2502000814,1
454,2502000815,1
454,2502000816,1
454,2502000817,1
454,2502000818,1
454,2502000819,1
454,2502000820,1
454,2502001607,1
454,2502001608,1
454,2502001609,1
454,2502001610,1
454,2502001611,1
454,2502001612,1
454,2502001613,1
454,2502001614,1
454,2502001615,1
454,2502001616,1
454,2502001617,1
454,2502001619,1
454,2502001620,1
454,2502001621,1
454,2502001622,1
454,2502001623,1
454,2502001624,1
454,2502001625,1
454,2502001626,1
454,2502001627,1
454,2502001628,1
454,2502001629,1
454,2502001630,1
454,2502001631,1
454,2502001632,1
454,2502001633,1
454,2502001634,1
454,2502001635,1
454,2502001636,1
454,2502001637,1
454,2502001638,1
454,2502001639,1
454,2502001640,1
454,2502001641,1
454,2502001642,1
454,2502001643,1
454,2502001644,1
454,2502001645,1
454,2502001646,1
454,2502001647,1
454,2502001648,1
454,2502001649,1
454,2502001650,1
454,2502001651,1
454,2502001652,1
454,2502001653,1
454,2502001654,1
454,2502001655,1
454,2502001656,1
454,2502001911,1
454,2503000763,1
454,2503000786,1
454,2503000817,1
454,2503000818,1
454,2503000819,1
454,2503000820,1
454,2503002865,1
454,2503003096,1
454,2503003098,1
454,2503003100,1
454,2503003101,1
454,2503003102,1
454,2503003103,1
454,2503003104,1
454,2503003105,1
454,2504000196,1
454,2504000238,1
454,2504000239,1
454,2504000240,1
454,2504000241,1
454,2504000254,1
454,2504000267,1
454,2505000001,1
454,2505000002,1
454,2505000004,1
457,2503000765,1
457,2503000784,1
457,2503000785,1
457,2503000805,1
457,2503000807,1
457,2503000808,1
457,2503000811,1
457,2503000812,1
457,2503000813,1
457,2503001366,1
457,2503001369,1
457,2503001391,1
457,2503002866,1
457,2504000263,1
457,2504000265,1
457,2504000266,1
457,2504000272,1
457,2504000273,1
457,2504000274,1
457,2504000275,1
457,2504000278,1
457,2504000280,1
457,2505000010,1
457,2505000011,1
457,2505000012,1
457,2505000013,1
457,2505000014,1
457,2505000015,1
457,2505000017,1
457,2505000019,1
457,2505000020,1
457,2505000021,1
457,2505000022,1
457,2505000023,1
457,2505000024,1
457,2505000025,1
457,2505000026,1
457,2505000027,1
457,2505000028,1
457,2505000030,1
457,2505000031,1
459,2503002253,1
459,2503002255,1
460,2503000810,1
460,2503000815,1
460,2504000277,1
462,2502000217,1
464,2505000016,1
464,2505000018,1
465,2503000783,1
465,2503002251,1
466,2503000814,1
469,2502000898,1
469,2502000904,1
469,2502000905,1
469,2502000906,1
469,2502000907,1
469,2502000913,1
469,2502000915,1
469,2502000916,1
469,2502000917,1
469,2502000918,1
469,2502000920,1
469,2502000928,1
469,2502000929,1
469,2502000996,1
469,2503000464,1
469,2503000882,1
469,2503001186,1
470,2504000176,1
471,2502000065,1
471,2502000124,1
471,2502000125,1
471,2502000422,1
471,2502000423,1
471,2502000424,1
471,2502000426,1
471,2502000427,1
471,2502000428,1
471,2502000431,1
471,2502000434,1
471,2502000435,1
471,2502000436,1
471,2502000438,1
471,2502000440,1
471,2502000462,1
471,2502000466,1
471,2502000467,1
471,2502000469,1
471,2502000470,1
471,2502000511,1
471,2502000514,1
471,2502000517,1
471,2502000518,1
471,2502000520,1
471,2502000521,1
471,2502000523,1
471,2502000524,1
471,2502000525,1
471,2502000526,1
471,2502000527,1
471,2502000528,1
471,2502000529,1
471,2502000530,1
471,2502000532,1
471,2502000533,1
471,2502000534,1
471,2502000535,1
471,2502000536,1
471,2502000539,1
471,2502000595,1
471,2502000687,1
471,2502000688,1
471,2502000693,1
471,2502000695,1
471,2502000696,1
471,2502000702,1
471,2502000892,1
471,2502000893,1
471,2502000895,1
471,2502000896,1
471,2502000899,1
471,2502000900,1
471,2502000901,1
471,2502000902,1
471,2502000903,1
471,2502000908,1
471,2502000909,1
471,2502000911,1
471,2502000912,1
471,2502000914,1
471,2502000921,1
471,2502000922,1
471,2502000923,1
471,2502000924,1
471,2502000926,1
471,2502000927,1
471,2502000933,1
471,2502000934,1
471,2502000937,1
471,2502000997,1
471,2502000998,1
471,2502001002,1
471,2502001003,1
471,2502001004,1
471,2502001005,1
471,2502001006,1
471,2502001007,1
471,2502001010,1
471,2502001033,1
471,2502001034,1
471,2502001035,1
471,2502001037,1
471,2502001038,1
471,2502001039,1
471,2502001051,1
471,2502001052,1
471,2502001053,1
471,2502001054,1
471,2502001055,1
471,2502001056,1
471,2502001057,1
471,2502001058,1
471,2502001059,1
471,2502001060,1
471,2502001061,1
471,2502001062,1
471,2502001063,1
471,2502001064,1
471,2502001065,1
471,2502001066,1
471,2502001067,1
471,2502001068,1
471,2502001069,1
471,2502001070,1
471,2502001071,1
471,2502001072,1
471,2502001073,1
471,2502001074,1
471,2502001075,1
471,2502001076,1
471,2502001077,1
471,2502001078,1
471,2502001079,1
471,2502001375,1
471,2502001377,1
471,2502001413,1
471,2502001415,1
471,2502001416,1
471,2502001417,1
471,2502001431,1
471,2502001450,1
471,2502001517,1
471,2502001518,1
471,2502001519,1
471,2502001520,1
471,2502001521,1
471,2502001522,1
471,2502001523,1
471,2502001524,1
471,2502001525,1
471,2502001526,1
471,2502001527,1
471,2502001528,1
471,2502001529,1
471,2502001530,1
471,2502001531,1
471,2502001532,1
471,2502001533,1
471,2502001534,1
471,2502001535,1
471,2502001536,1
471,2502001537,1
471,2502001538,1
471,2502001540,1
471,2502002249,1
471,2503000682,1
471,2503000683,1
471,2503000688,1
471,2503000743,1
471,2503000856,1
471,2503000857,1
471,2503000859,1
471,2503000861,1
471,2503000862,1
471,2503000863,1
471,2503000867,1
471,2503000869,1
471,2503000871,1
471,2503000872,1
471,2503000873,1
471,2503000874,1
471,2503000875,1
471,2503000878,1
471,2503000883,1
471,2503000884,1
471,2503000885,1
471,2503000886,1
471,2503000887,1
471,2503000890,1
471,2503000891,1
471,2503000892,1
471,2503000945,1
471,2503000947,1
471,2503000948,1
471,2503000949,1
471,2503000950,1
471,2503000951,1
471,2503000954,1
471,2503000955,1
471,2503001117,1
471,2503001118,1
471,2503001119,1
471,2503001120,1
471,2503001183,1
471,2503001184,1
471,2503001192,1
471,2503001193,1
471,2503001194,1
471,2503001195,1
471,2503001197,1
471,2503001894,1
471,2503001956,1
471,2503001961,1
471,2503001962,1
471,2503002876,1
471,2503002878,1
471,2503002883,1
471,2503002884,1
471,2503002885,1
471,2503002886,1
471,2503003129,1
471,2503003130,1
471,2503003153,1
471,2503003154,1
471,2503003163,1
471,2503003164,1
471,2503003165,1
471,2503003166,1
471,2503003167,1
471,2503003168,1
471,2503003169,1
471,2503003170,1
471,2503003385,1
471,2503003386,1
471,2504000009,1
471,2504000175,1
471,2504000177,1
471,2504000184,1
471,2504000185,1
471,2504000186,1
471,2504000228,1
471,2504000229,1
471,2504000232,1
473,2502000066,1
473,2502000070,1
473,2502000071,1
473,2502000072,1
473,2502000073,1
473,2502000089,1
473,2502000193,1
473,2502000194,1
473,2502000195,1
473,2502000425,1
473,2502000437,1
473,2502000461,1
473,2502000463,1
473,2502000464,1
473,2502000465,1
473,2502000468,1
473,2502000515,1
473,2502000537,1
473,2502000538,1
473,2502000540,1
473,2502000541,1
473,2502000542,1
473,2502000543,1
473,2502000544,1
473,2502000545,1
473,2502000614,1
473,2502000737,1
473,2502000891,1
473,2502000930,1
473,2502000936,1
473,2502000999,1
473,2502001008,1
473,2502001036,1
473,2502001080,1
473,2502001432,1
473,2502001723,1
473,2502001934,1
473,2502001935,1
473,2502001936,1
473,2502002245,1
473,2502002246,1
473,2502002247,1
473,2502002250,1
473,2502002264,1
473,2502002267,1
473,2502002268,1
473,2503000461,1
473,2503000462,1
473,2503000463,1
473,2503000465,1
473,2503000466,1
473,2503000467,1
473,2503000468,1
473,2503000469,1
473,2503000470,1
473,2503000484,1
473,2503000487,1
473,2503000493,1
473,2503000494,1
473,2503000497,1
473,2503000744,1
473,2503000804,1
473,2503000840,1
473,2503000860,1
473,2503000932,1
473,2503000936,1
473,2503001113,1
473,2503001187,1
473,2503001719,1
473,2503001721,1
473,2503001736,1
473,2503001737,1
473,2503001738,1
473,2503001739,1
473,2503001860,1
473,2503001950,1
473,2503001963,1
473,2503001965,1
473,2503001967,1
473,2503001968,1
473,2504000173,1
473,2504000174,1
473,2504000187,1
473,2504000206,1
473,2504000208,1
473,2504000209,1
473,2504000210,1
473,2504000211,1
473,2504000212,1
473,2504000249,1
477,2503000880,1
480,2502000155,1
480,2502000894,1
480,2502000897,1
482,2502000061,1
482,2502000068,1
482,2502000069,1
482,2502000074,1
482,2502000512,1
482,2502000522,1
482,2502000682,1
482,2502000931,1
482,2502000932,1
482,2502000935,1
482,2502001000,1
482,2502001748,1
482,2503000933,1
482,2503000934,1
482,2503000935,1
482,2504000250,1
