Join_ID,GPS_Building_Code_,Point_Count
2,2503000610,1
2,2503000616,1
2,2503000636,1
2,2503000637,1
2,2503004820,1
2,2503004923,1
3,2503002369,1
3,2503002372,1
3,2503004866,1
4,2501000009,1
4,2502000096,1
4,2502000097,1
4,2502000098,1
4,2502000099,1
4,2502000100,1
4,2502000101,1
4,2502000102,1
4,2502000103,1
4,2502000104,1
4,2502000105,1
4,2502000106,1
4,2502000107,1
4,2502000108,1
4,2502000109,1
4,2502000110,1
4,2502000318,1
4,2502000319,1
4,2502000320,1
4,2502000321,1
4,2502000322,1
4,2502000323,1
4,2502000324,1
4,2502000326,1
4,2502000572,1
4,2502000574,1
4,2502000575,1
4,2502000577,1
4,2502000578,1
4,2502000580,1
4,2502000581,1
4,2502000582,1
4,2502000583,1
4,2502000584,1
4,2502000585,1
4,2502000586,1
4,2502000587,1
4,2502000588,1
4,2502000589,1
4,2502000590,1
4,2502000591,1
4,2502000592,1
4,2502000593,1
4,2502000594,1
4,2502000595,1
4,2502000596,1
4,2502000597,1
4,2502000598,1
4,2502000599,1
4,2502000600,1
4,2502000601,1
4,2502000602,1
4,2502000603,1
4,2502000605,1
4,2503000087,1
4,2503000091,1
4,2503000099,1
4,2503000101,1
4,2503000103,1
4,2503000104,1
4,2503000107,1
4,2503000110,1
4,2503000111,1
4,2503000120,1
4,2503000173,1
4,2503000238,1
4,2503000240,1
4,2503000241,1
4,2503000242,1
4,2503000243,1
4,2503000245,1
4,2503000246,1
4,2503000247,1
4,2503000248,1
4,2503000249,1
4,2503000250,1
4,2503000251,1
4,2503000252,1
4,2503000254,1
4,2503000255,1
4,2503000257,1
4,2503000259,1
4,2503000261,1
4,2503000262,1
4,2503000263,1
4,2503000264,1
4,2503000265,1
4,2503000266,1
4,2503000268,1
4,2503000269,1
4,2503000270,1
4,2503000272,1
4,2503000273,1
4,2503000274,1
4,2503000278,1
4,2503000281,1
4,2503000608,1
4,2503000632,1
4,2503001188,1
4,2503001189,1
4,2503001190,1
4,2503001191,1
4,2503001192,1
4,2503001193,1
4,2503001194,1
4,2503001195,1
4,2503001196,1
4,2503001197,1
4,2503001198,1
4,2503001199,1
4,2503001200,1
4,2503001201,1
4,2503001202,1
4,2503001203,1
4,2503001204,1
4,2503001205,1
4,2503001206,1
4,2503001207,1
4,2503001208,1
4,2503001209,1
4,2503001210,1
4,2503002330,1
4,2503002332,1
4,2503002336,1
4,2503002349,1
4,2503002350,1
4,2503002351,1
4,2503002352,1
4,2503002356,1
4,2503002357,1
4,2503002359,1
4,2503002361,1
4,2503002365,1
4,2503002367,1
4,2503002370,1
4,2503002371,1
4,2503002373,1
4,2503002374,1
4,2503002375,1
4,2503002376,1
4,2503002377,1
4,2503002379,1
4,2503002381,1
4,2503002383,1
4,2503002384,1
4,2503002386,1
4,2503002387,1
4,2503002392,1
4,2503002394,1
4,2503002398,1
4,2503002399,1
4,2503002401,1
4,2503002403,1
4,2503002404,1
4,2503002406,1
4,2503002408,1
4,2503002409,1
4,2503002411,1
4,2503002413,1
4,2503002424,1
4,2503002426,1
4,2503002428,1
4,2503002431,1
4,2503002433,1
4,2503002434,1
4,2503002438,1
4,2503002757,1
4,2503002758,1
4,2503002759,1
4,2503002760,1
4,2503002761,1
4,2503002762,1
4,2503002763,1
4,2503002764,1
4,2503002765,1
4,2503002766,1
4,2503002767,1
4,2503002768,1
4,2503002769,1
4,2503002770,1
4,2503002772,1
4,2503002774,1
4,2503002776,1
4,2503002777,1
4,2503002778,1
4,2503002780,1
4,2503002781,1
4,2503002782,1
4,2503002784,1
4,2503002785,1
4,2503002786,1
4,2503002788,1
4,2503002789,1
4,2503002790,1
4,2503002791,1
4,2503002792,1
4,2503002793,1
4,2503002794,1
4,2503002795,1
4,2503002796,1
4,2503002797,1
4,2503002798,1
4,2503002799,1
4,2503002800,1
4,2503002801,1
4,2503002802,1
4,2503002803,1
4,2503002804,1
4,2503002805,1
4,2503002806,1
4,2503002807,1
4,2503002808,1
4,2503002809,1
4,2503002810,1
4,2503002811,1
4,2503002812,1
4,2503002813,1
4,2503002816,1
4,2503002817,1
4,2503002818,1
4,2503002819,1
4,2503002820,1
4,2503002821,1
4,2503002822,1
4,2503002823,1
4,2503002824,1
4,2503003902,1
4,2503003903,1
4,2503003904,1
4,2503003905,1
4,2503003906,1
4,2503003907,1
4,2503003908,1
4,2503003909,1
4,2503003910,1
4,2503003912,1
4,2503003913,1
4,2503003914,1
4,2503003916,1
4,2503003917,1
4,2503003918,1
4,2503003919,1
4,2503003920,1
4,2503003921,1
4,2503003922,1
4,2503003923,1
4,2503003924,1
4,2503003925,1
4,2503003927,1
4,2503003928,1
4,2503003929,1
4,2503003930,1
4,2503003931,1
4,2503003932,1
4,2503003933,1
4,2503003934,1
4,2503003935,1
4,2503003936,1
4,2503003937,1
4,2503003938,1
4,2503003939,1
4,2503003940,1
4,2503003941,1
4,2503003942,1
4,2503003943,1
4,2503003944,1
4,2503003945,1
4,2503003946,1
4,2503003947,1
4,2503003948,1
4,2503003949,1
4,2503003950,1
4,2503003951,1
4,2503003952,1
4,2503003953,1
4,2503003954,1
4,2503003955,1
4,2503003956,1
4,2503003957,1
4,2503003958,1
4,2503003960,1
4,2503003961,1
4,2503003962,1
4,2503003963,1
4,2503003964,1
4,2503003965,1
4,2503003966,1
4,2503003967,1
4,2503003968,1
4,2503003969,1
4,2503003970,1
4,2503003971,1
4,2503003974,1
4,2503003975,1
4,2503003976,1
4,2503003977,1
4,2503003978,1
4,2503003979,1
4,2503003980,1
4,2503003981,1
4,2503003982,1
4,2503003983,1
4,2503004171,1
4,2503004172,1
4,2503004481,1
4,2503004482,1
4,2503004667,1
4,2503004668,1
4,2503004670,1
4,2503004671,1
4,2503004672,1
4,2503004673,1
4,2503004674,1
4,2503004675,1
4,2503004676,1
4,2503004677,1
4,2503004679,1
4,2503004680,1
4,2503004681,1
4,2503004682,1
4,2503004683,1
4,2503004684,1
4,2503004685,1
4,2503004686,1
4,2503004687,1
4,2503004688,1
4,2503004689,1
4,2503004690,1
4,2503004692,1
4,2503004693,1
4,2503004694,1
4,2503004695,1
4,2503004696,1
4,2503004697,1
4,2503004698,1
4,2503004700,1
4,2503004701,1
4,2503004702,1
4,2503004703,1
4,2503004704,1
4,2503004705,1
4,2503004706,1
4,2503004707,1
4,2503004708,1
4,2503004709,1
4,2503004710,1
4,2503004712,1
4,2503004713,1
4,2503004714,1
4,2503004715,1
4,2503004716,1
4,2503004717,1
4,2503004859,1
4,2503004860,1
4,2503004861,1
4,2503004862,1
4,2503004863,1
4,2503004864,1
4,2503004865,1
4,2503004867,1
4,2503004868,1
4,2503004869,1
4,2503004870,1
4,2503004871,1
4,2503004872,1
4,2503004873,1
4,2503004875,1
4,2503004876,1
4,2503004877,1
4,2503004878,1
4,2503004879,1
4,2503004880,1
4,2503004881,1
4,2503004912,1
4,2503004913,1
4,2503004914,1
4,2503004915,1
4,2503004916,1
4,2503004917,1
4,2503004918,1
4,2503004919,1
4,2503004920,1
4,2503004922,1
4,2503004950,1
4,2503004951,1
4,2503004952,1
4,2503004953,1
4,2503004954,1
4,2503004955,1
4,2503004956,1
4,2503004957,1
4,2503004958,1
4,2503004960,1
4,2503004976,1
4,2503004977,1
4,2503004978,1
4,2503004980,1
4,2503004982,1
4,2503004984,1
4,2503004985,1
4,2503004987,1
4,2503004988,1
4,2503004989,1
4,2503004990,1
4,2503004991,1
4,2503004992,1
4,2503004993,1
4,2503004994,1
4,2503004995,1
4,2503004997,1
4,2503004998,1
4,2503005001,1
4,2503005002,1
4,2503005003,1
4,2503005004,1
4,2503005005,1
4,2503005007,1
4,2503005008,1
4,2503005009,1
4,2503005010,1
4,2503005047,1
4,2503005048,1
4,2503005049,1
4,2503005053,1
4,2503005054,1
4,2503005055,1
4,2503005056,1
4,2503005057,1
4,2503005058,1
4,2503005059,1
4,2503005060,1
4,2503005061,1
4,2503005062,1
4,2503005063,1
4,2503005064,1
4,2503005065,1
4,2503005066,1
4,2503005067,1
4,2503005068,1
4,2503005069,1
4,2503005070,1
4,2503005071,1
4,2504000001,1
4,2504000002,1
4,2504000003,1
4,2504000004,1
4,2504000005,1
4,2504000006,1
4,2504000007,1
4,2504000008,1
4,2504000010,1
4,2504000011,1
4,2504000127,1
4,2504000128,1
4,2504000129,1
5,2503000568,1
5,2503000569,1
5,2503000570,1
5,2503000571,1
5,2503000572,1
5,2503000575,1
5,2503000576,1
5,2503001541,1
5,2503001542,1
5,2503001543,1
5,2503001544,1
5,2503001545,1
5,2503001546,1
5,2503001547,1
5,2503001549,1
5,2503001550,1
5,2503001551,1
5,2503001552,1
5,2503001553,1
5,2503001554,1
5,2503001555,1
5,2503001556,1
5,2503001557,1
5,2503001558,1
5,2503001559,1
5,2503001560,1
5,2503001561,1
5,2503001562,1
5,2503001563,1
5,2503001564,1
5,2503001565,1
5,2503001566,1
5,2503001567,1
5,2503001568,1
5,2503001569,1
5,2503001570,1
5,2503001571,1
5,2503001572,1
5,2503001573,1
5,2503001574,1
5,2503001575,1
5,2503001576,1
5,2503001623,1
5,2503001624,1
5,2503001625,1
5,2503001626,1
5,2503001627,1
5,2503001628,1
5,2503001629,1
5,2503001630,1
5,2503001631,1
5,2503001632,1
5,2503001633,1
5,2503001634,1
5,2503001635,1
5,2503001637,1
5,2503001638,1
5,2503001639,1
5,2503001640,1
5,2503001641,1
5,2503001642,1
5,2503001643,1
5,2503001644,1
5,2503001645,1
5,2503001646,1
5,2503001647,1
5,2503001648,1
5,2503001649,1
5,2503001650,1
5,2503001651,1
5,2503001652,1
5,2503001653,1
5,2503001654,1
5,2503001655,1
5,2503001656,1
5,2503001657,1
5,2503001658,1
5,2503001659,1
5,2503001660,1
5,2503001661,1
5,2503004081,1
5,2503004082,1
5,2503004083,1
5,2503004084,1
5,2503004086,1
5,2503004087,1
5,2503004088,1
5,2503004089,1
5,2503004090,1
5,2503004092,1
5,2503004094,1
5,2503004095,1
5,2503004097,1
5,2503004098,1
5,2503004099,1
5,2503004101,1
5,2503004102,1
5,2503004103,1
5,2503004104,1
5,2503004105,1
5,2503004106,1
5,2503004107,1
5,2503004108,1
5,2503004109,1
5,2503004110,1
5,2503004111,1
5,2503004112,1
5,2503004113,1
5,2503004114,1
5,2503004115,1
5,2503004116,1
5,2503004117,1
5,2503004118,1
5,2503004119,1
5,2503004120,1
5,2503004121,1
5,2503004122,1
5,2503004123,1
5,2503004562,1
5,2503004564,1
5,2503004565,1
5,2503004566,1
5,2503004567,1
5,2503004568,1
5,2503004569,1
5,2503004570,1
5,2503004571,1
5,2503004572,1
5,2503004573,1
5,2503004574,1
5,2503004575,1
5,2503004576,1
5,2503004577,1
5,2503004578,1
5,2503004579,1
5,2503004580,1
5,2503004581,1
5,2503004582,1
5,2503004607,1
5,2503004608,1
5,2503004609,1
5,2503004610,1
5,2503004611,1
5,2503004612,1
5,2503004613,1
5,2503004614,1
5,2503004615,1
5,2503004616,1
5,2503004617,1
5,2503004618,1
5,2503004619,1
5,2503004620,1
5,2503004621,1
5,2503004622,1
5,2503004623,1
5,2503004624,1
5,2503004625,1
5,2503004626,1
5,2503004627,1
5,2503004628,1
5,2503004629,1
5,2503004630,1
5,2503004631,1
5,2503004632,1
5,2503004633,1
5,2504000140,1
5,2504000141,1
5,2504000142,1
5,2504000144,1
5,2504000145,1
5,2504000160,1
5,2504000166,1
6,2502000083,1
6,2502000241,1
6,2502001008,1
6,2502001009,1
6,2502001019,1
6,2502001021,1
6,2502001022,1
6,2502001025,1
6,2502001026,1
6,2502001027,1
6,2502001028,1
6,2502001032,1
6,2502001035,1
6,2502001036,1
6,2502001037,1
6,2502001038,1
6,2502001039,1
6,2502001040,1
6,2502001041,1
6,2502001045,1
6,2502001047,1
6,2502001199,1
6,2502001200,1
6,2502001201,1
6,2503000341,1
6,2503000342,1
6,2503000343,1
6,2503000344,1
6,2503000345,1
6,2503000346,1
6,2503000347,1
6,2503000348,1
6,2503000349,1
6,2503000350,1
6,2503000351,1
6,2503000352,1
6,2503000353,1
6,2503000354,1
6,2503000355,1
6,2503000356,1
6,2503000357,1
6,2503000358,1
6,2503000359,1
6,2503000360,1
6,2503000361,1
6,2503000362,1
6,2503000363,1
6,2503000364,1
6,2503000365,1
6,2503000366,1
6,2503000367,1
6,2503000368,1
6,2503000369,1
6,2503000370,1
6,2503000371,1
6,2503000372,1
6,2503000373,1
6,2503000374,1
6,2503000375,1
6,2503000376,1
6,2503000377,1
6,2503000378,1
6,2503000379,1
6,2503000380,1
6,2503000590,1
6,2503000591,1
6,2503000592,1
6,2503000593,1
6,2503000595,1
6,2503000596,1
6,2503000597,1
6,2503000598,1
6,2503000599,1
6,2503000601,1
6,2503000602,1
6,2503000603,1
6,2503000607,1
6,2503000634,1
6,2503000641,1
6,2503000675,1
6,2503000676,1
6,2503000677,1
6,2503000678,1
6,2503000679,1
6,2503000680,1
6,2503000681,1
6,2503000682,1
6,2503000683,1
6,2503000684,1
6,2503000685,1
6,2503000686,1
6,2503000687,1
6,2503000688,1
6,2503000689,1
6,2503000690,1
6,2503000691,1
6,2503000692,1
6,2503000693,1
6,2503000694,1
6,2503000695,1
6,2503000696,1
6,2503000697,1
6,2503000698,1
6,2503000699,1
6,2503000700,1
6,2503000701,1
6,2503000702,1
6,2503000703,1
6,2503000704,1
6,2503000705,1
6,2503000706,1
6,2503000707,1
6,2503000708,1
6,2503000711,1
6,2503000712,1
6,2503000713,1
6,2503000714,1
6,2503000715,1
6,2503000716,1
6,2503000717,1
6,2503000718,1
6,2503000719,1
6,2503000720,1
6,2503000721,1
6,2503000722,1
6,2503000723,1
6,2503000724,1
6,2503000727,1
6,2503000728,1
6,2503000729,1
6,2503000731,1
6,2503000732,1
6,2503000733,1
6,2503000734,1
6,2503000735,1
6,2503000736,1
6,2503000737,1
6,2503000738,1
6,2503000739,1
6,2503000740,1
6,2503000741,1
6,2503000742,1
6,2503000743,1
6,2503000744,1
6,2503000835,1
6,2503000838,1
6,2503000839,1
6,2503000840,1
6,2503000841,1
6,2503000842,1
6,2503000843,1
6,2503000844,1
6,2503000845,1
6,2503000847,1
6,2503000848,1
6,2503000852,1
6,2503000853,1
6,2503000854,1
6,2503000855,1
6,2503000856,1
6,2503000857,1
6,2503000861,1
6,2503000865,1
6,2503000866,1
6,2503000867,1
6,2503000868,1
6,2503000869,1
6,2503000870,1
6,2503000973,1
6,2503001636,1
6,2503002659,1
6,2503002663,1
6,2503002667,1
6,2503002668,1
6,2503002669,1
6,2503002673,1
6,2503002674,1
6,2503002680,1
6,2503002681,1
6,2503002685,1
6,2503002686,1
6,2503002692,1
6,2503002693,1
6,2503002694,1
6,2503002696,1
6,2503002771,1
6,2503002773,1
6,2503002775,1
6,2503002779,1
6,2503002783,1
6,2503002904,1
6,2503002905,1
6,2503002909,1
6,2503002910,1
6,2503002911,1
6,2503002912,1
6,2503002913,1
6,2503002914,1
6,2503002916,1
6,2503002917,1
6,2503002919,1
6,2503002921,1
6,2503002924,1
6,2503002925,1
6,2503002927,1
6,2503002928,1
6,2503002929,1
6,2503002932,1
6,2503002933,1
6,2503002934,1
6,2503002935,1
6,2503002936,1
6,2503002938,1
6,2503002939,1
6,2503002940,1
6,2503002941,1
6,2503002942,1
6,2503002943,1
6,2503002944,1
6,2503002945,1
6,2503002946,1
6,2503002947,1
6,2503002948,1
6,2503002949,1
6,2503002950,1
6,2503002951,1
6,2503002952,1
6,2503002953,1
6,2503002954,1
6,2503002955,1
6,2503002956,1
6,2503002957,1
6,2503002958,1
6,2503002959,1
6,2503002960,1
6,2503002961,1
6,2503002962,1
6,2503002963,1
6,2503002964,1
6,2503002965,1
6,2503002966,1
6,2503002967,1
6,2503002968,1
6,2503002969,1
6,2503002970,1
6,2503002971,1
6,2503002972,1
6,2503002973,1
6,2503002974,1
6,2503002975,1
6,2503003349,1
6,2503003350,1
6,2503003352,1
6,2503003356,1
6,2503003357,1
6,2503003358,1
6,2503003359,1
6,2503003360,1
6,2503003361,1
6,2503003362,1
6,2503003363,1
6,2503003364,1
6,2503003365,1
6,2503003366,1
6,2503003367,1
6,2503003368,1
6,2503003369,1
6,2503003370,1
6,2503003371,1
6,2503003372,1
6,2503003373,1
6,2503003374,1
6,2503003375,1
6,2503003376,1
6,2503003377,1
6,2503003378,1
6,2503003379,1
6,2503003380,1
6,2503003381,1
6,2503003385,1
6,2503003387,1
6,2503003388,1
6,2503003390,1
6,2503003391,1
6,2503003392,1
6,2503003393,1
6,2503003395,1
6,2503003396,1
6,2503003397,1
6,2503003398,1
6,2503003399,1
6,2503003400,1
6,2503003401,1
6,2503003402,1
6,2503003403,1
6,2503003404,1
6,2503003475,1
6,2503003476,1
6,2503003477,1
6,2503003478,1
6,2503003479,1
6,2503003480,1
6,2503003481,1
6,2503003482,1
6,2503003483,1
6,2503003484,1
6,2503003485,1
6,2503003486,1
6,2503003487,1
6,2503003488,1
6,2503003489,1
6,2503003490,1
6,2503003491,1
6,2503003492,1
6,2503003493,1
6,2503003494,1
6,2503003495,1
6,2503003496,1
6,2503003497,1
6,2503003498,1
6,2503003499,1
6,2503003500,1
6,2503003501,1
6,2503003502,1
6,2503003503,1
6,2503003504,1
6,2503003505,1
6,2503003506,1
6,2503003507,1
6,2503003508,1
6,2503003509,1
6,2503003510,1
6,2503003511,1
6,2503003512,1
6,2503003513,1
6,2503004195,1
6,2503004238,1
6,2503004379,1
6,2503004380,1
6,2503004381,1
6,2503004382,1
6,2503004462,1
6,2503004463,1
6,2503004464,1
6,2503004465,1
6,2503004466,1
6,2503004467,1
6,2503004469,1
6,2503004479,1
6,2503004811,1
6,2503004812,1
6,2503004814,1
6,2503004815,1
6,2503004817,1
6,2503004818,1
6,2503004819,1
6,2503004821,1
6,2503004822,1
6,2503004823,1
6,2503004824,1
6,2503004825,1
6,2503004826,1
6,2504000048,1
6,2504000049,1
6,2504000050,1
6,2504000051,1
6,2504000052,1
6,2504000053,1
6,2504000054,1
6,2504000055,1
6,2504000056,1
6,2504000057,1
6,2504000058,1
6,2504000061,1
6,2504000062,1
6,2504000063,1
6,2504000064,1
6,2504000065,1
6,2504000066,1
6,2504000067,1
6,2504000068,1
6,2504000069,1
6,2504000070,1
6,2504000071,1
6,2504000072,1
6,2504000073,1
6,2504000074,1
6,2504000075,1
6,2504000076,1
6,2504000077,1
6,2504000078,1
6,2504000079,1
6,2504000080,1
6,2504000081,1
6,2504000082,1
6,2504000084,1
6,2504000085,1
6,2504000086,1
6,2504000087,1
6,2504000088,1
6,2504000089,1
6,2504000090,1
6,2504000091,1
6,2504000092,1
6,2504000093,1
6,2504000323,1
6,2504000324,1
6,2504000325,1
6,2505000001,1
6,2506000001,1
6,2506000002,1
7,2501000015,1
7,2502000001,1
7,2502000002,1
7,2502000003,1
7,2502000004,1
7,2502000005,1
7,2502000006,1
7,2502000007,1
7,2502000008,1
7,2502000009,1
7,2502000010,1
7,2502000011,1
7,2502000012,1
7,2502000031,1
7,2502000032,1
7,2502000033,1
7,2502000034,1
7,2502000035,1
7,2502000036,1
7,2502000037,1
7,2502000038,1
7,2502000039,1
7,2502000040,1
7,2502000041,1
7,2502000042,1
7,2502000044,1
7,2502000047,1
7,2502000048,1
7,2502000050,1
7,2502000072,1
7,2502000073,1
7,2502000074,1
7,2502000075,1
7,2502000076,1
7,2502000077,1
7,2502000078,1
7,2502000079,1
7,2502000080,1
7,2502000081,1
7,2502000082,1
7,2502000132,1
7,2502000133,1
7,2502000135,1
7,2502000137,1
7,2502000138,1
7,2502000139,1
7,2502000142,1
7,2502000143,1
7,2502000156,1
7,2502000157,1
7,2502000158,1
7,2502000159,1
7,2502000160,1
7,2502000161,1
7,2502000162,1
7,2502000163,1
7,2502000164,1
7,2502000165,1
7,2502000166,1
7,2502000167,1
7,2502000168,1
7,2502000169,1
7,2502000170,1
7,2502000171,1
7,2502000172,1
7,2502000173,1
7,2502000175,1
7,2502000176,1
7,2502000178,1
7,2502000180,1
7,2502000192,1
7,2502000193,1
7,2502000194,1
7,2502000195,1
7,2502000196,1
7,2502000197,1
7,2502000198,1
7,2502000199,1
7,2502000200,1
7,2502000201,1
7,2502000202,1
7,2502000203,1
7,2502000204,1
7,2502000205,1
7,2502000206,1
7,2502000207,1
7,2502000208,1
7,2502000238,1
7,2502000239,1
7,2502000242,1
7,2502000243,1
7,2502000244,1
7,2502000245,1
7,2502000246,1
7,2502000247,1
7,2502000248,1
7,2502000249,1
7,2502000250,1
7,2502000251,1
7,2502000252,1
7,2502000280,1
7,2502000281,1
7,2502000282,1
7,2502000294,1
7,2502000560,1
7,2502000562,1
7,2502000563,1
7,2502000564,1
7,2502000565,1
7,2502000604,1
7,2502000648,1
7,2502000772,1
7,2502000778,1
7,2502000779,1
7,2502001010,1
7,2502001011,1
7,2502001012,1
7,2502001013,1
7,2502001020,1
7,2502001043,1
7,2502001185,1
7,2503000090,1
7,2503000253,1
7,2503000267,1
7,2503000277,1
7,2503000618,1
7,2503000635,1
7,2503000834,1
7,2503000849,1
7,2503000850,1
7,2503000851,1
7,2503000858,1
7,2503000862,1
7,2503000863,1
7,2503000864,1
7,2503000913,1
7,2503000914,1
7,2503000921,1
7,2503000922,1
7,2503000923,1
7,2503000924,1
7,2503000925,1
7,2503000927,1
7,2503000928,1
7,2503000929,1
7,2503000930,1
7,2503000931,1
7,2503000932,1
7,2503000933,1
7,2503000934,1
7,2503000935,1
7,2503000936,1
7,2503000937,1
7,2503000938,1
7,2503000939,1
7,2503000941,1
7,2503000942,1
7,2503000945,1
7,2503000946,1
7,2503000966,1
7,2503000974,1
7,2503000977,1
7,2503001055,1
7,2503001056,1
7,2503001057,1
7,2503001058,1
7,2503001059,1
7,2503001060,1
7,2503001061,1
7,2503001062,1
7,2503001063,1
7,2503001064,1
7,2503001065,1
7,2503001066,1
7,2503001067,1
7,2503001068,1
7,2503001069,1
7,2503001070,1
7,2503001071,1
7,2503001072,1
7,2503001075,1
7,2503001076,1
7,2503001077,1
7,2503001078,1
7,2503001079,1
7,2503001080,1
7,2503001081,1
7,2503001082,1
7,2503001083,1
7,2503001084,1
7,2503001263,1
7,2503001267,1
7,2503001275,1
7,2503001276,1
7,2503001790,1
7,2503001791,1
7,2503001793,1
7,2503002047,1
7,2503002048,1
7,2503002049,1
7,2503002050,1
7,2503002051,1
7,2503002052,1
7,2503002053,1
7,2503002054,1
7,2503002055,1
7,2503002056,1
7,2503002057,1
7,2503002058,1
7,2503002059,1
7,2503002060,1
7,2503002061,1
7,2503002062,1
7,2503002063,1
7,2503002064,1
7,2503002065,1
7,2503002066,1
7,2503002067,1
7,2503002068,1
7,2503002069,1
7,2503002070,1
7,2503002071,1
7,2503002072,1
7,2503002073,1
7,2503002074,1
7,2503002075,1
7,2503002076,1
7,2503002077,1
7,2503002078,1
7,2503002079,1
7,2503002080,1
7,2503002082,1
7,2503002083,1
7,2503002084,1
7,2503002085,1
7,2503002086,1
7,2503002087,1
7,2503002088,1
7,2503002089,1
7,2503002090,1
7,2503002091,1
7,2503002093,1
7,2503002094,1
7,2503002095,1
7,2503002096,1
7,2503002097,1
7,2503002098,1
7,2503002099,1
7,2503002100,1
7,2503002101,1
7,2503002102,1
7,2503002103,1
7,2503002104,1
7,2503002105,1
7,2503002106,1
7,2503002107,1
7,2503002108,1
7,2503002109,1
7,2503002110,1
7,2503002111,1
7,2503002112,1
7,2503002113,1
7,2503002353,1
7,2503002355,1
7,2503002358,1
7,2503002360,1
7,2503002362,1
7,2503002395,1
7,2503002414,1
7,2503002416,1
7,2503002421,1
7,2503002423,1
7,2503002652,1
7,2503002653,1
7,2503002654,1
7,2503002655,1
7,2503002656,1
7,2503002814,1
7,2503002815,1
7,2503003074,1
7,2503003075,1
7,2503003076,1
7,2503003077,1
7,2503003078,1
7,2503003079,1
7,2503003080,1
7,2503003081,1
7,2503003082,1
7,2503003083,1
7,2503003085,1
7,2503003086,1
7,2503003087,1
7,2503003088,1
7,2503003089,1
7,2503003090,1
7,2503003091,1
7,2503003092,1
7,2503003093,1
7,2503003094,1
7,2503003095,1
7,2503003096,1
7,2503003097,1
7,2503003099,1
7,2503003100,1
7,2503003101,1
7,2503003102,1
7,2503003103,1
7,2503003104,1
7,2503003105,1
7,2503003106,1
7,2503003107,1
7,2503003108,1
7,2503003109,1
7,2503003110,1
7,2503003111,1
7,2503003112,1
7,2503003113,1
7,2503003114,1
7,2503003116,1
7,2503003117,1
7,2503003118,1
7,2503003119,1
7,2503003120,1
7,2503003121,1
7,2503003122,1
7,2503003123,1
7,2503003124,1
7,2503003125,1
7,2503003126,1
7,2503003127,1
7,2503003128,1
7,2503003129,1
7,2503003130,1
7,2503003131,1
7,2503003132,1
7,2503003133,1
7,2503003134,1
7,2503003135,1
7,2503003136,1
7,2503003137,1
7,2503003138,1
7,2503003140,1
7,2503003141,1
7,2503003142,1
7,2503003143,1
7,2503003144,1
7,2503003232,1
7,2503003236,1
7,2503003237,1
7,2503003238,1
7,2503003239,1
7,2503003240,1
7,2503003241,1
7,2503003242,1
7,2503003243,1
7,2503003244,1
7,2503003245,1
7,2503003246,1
7,2503003263,1
7,2503003267,1
7,2503003389,1
7,2503003658,1
7,2503003659,1
7,2503003660,1
7,2503003661,1
7,2503003662,1
7,2503003663,1
7,2503003664,1
7,2503003665,1
7,2503003666,1
7,2503003667,1
7,2503003668,1
7,2503003669,1
7,2503003670,1
7,2503003671,1
7,2503003672,1
7,2503003673,1
7,2503003674,1
7,2503003675,1
7,2503003676,1
7,2503003677,1
7,2503003678,1
7,2503003679,1
7,2503003911,1
7,2503003926,1
7,2503004169,1
7,2503004170,1
7,2503004173,1
7,2503004174,1
7,2503004175,1
7,2503004176,1
7,2503004177,1
7,2503004178,1
7,2503004179,1
7,2503004180,1
7,2503004181,1
7,2503004182,1
7,2503004184,1
7,2503004185,1
7,2503004186,1
7,2503004187,1
7,2503004188,1
7,2503004189,1
7,2503004190,1
7,2503004191,1
7,2503004192,1
7,2503004193,1
7,2503004194,1
7,2503004196,1
7,2503004197,1
7,2503004198,1
7,2503004200,1
7,2503004201,1
7,2503004202,1
7,2503004203,1
7,2503004204,1
7,2503004205,1
7,2503004206,1
7,2503004207,1
7,2503004208,1
7,2503004210,1
7,2503004212,1
7,2503004214,1
7,2503004215,1
7,2503004216,1
7,2503004217,1
7,2503004218,1
7,2503004219,1
7,2503004220,1
7,2503004221,1
7,2503004222,1
7,2503004223,1
7,2503004224,1
7,2503004225,1
7,2503004226,1
7,2503004227,1
7,2503004228,1
7,2503004229,1
7,2503004230,1
7,2503004231,1
7,2503004232,1
7,2503004233,1
7,2503004234,1
7,2503004235,1
7,2503004236,1
7,2503004237,1
7,2503004239,1
7,2503004240,1
7,2503004241,1
7,2503004244,1
7,2503004245,1
7,2503004246,1
7,2503004247,1
7,2503004248,1
7,2503004249,1
7,2503004250,1
7,2503004251,1
7,2503004252,1
7,2503004253,1
7,2503004254,1
7,2503004255,1
7,2503004256,1
7,2503004257,1
7,2503004259,1
7,2503004260,1
7,2503004261,1
7,2503004262,1
7,2503004263,1
7,2503004264,1
7,2503004265,1
7,2503004266,1
7,2503004267,1
7,2503004401,1
7,2503004403,1
7,2503004435,1
7,2503004436,1
7,2503004437,1
7,2503004438,1
7,2503004439,1
7,2503004440,1
7,2503004441,1
7,2503004442,1
7,2503004443,1
7,2503004444,1
7,2503004445,1
7,2503004485,1
7,2503004490,1
7,2503004494,1
7,2503004500,1
7,2503004501,1
7,2503004502,1
7,2503004503,1
7,2503004504,1
7,2503004505,1
7,2503004506,1
7,2503004507,1
7,2503004508,1
7,2503004509,1
7,2503004510,1
7,2503004511,1
7,2503004512,1
7,2503004513,1
7,2503004514,1
7,2503004542,1
7,2503004543,1
7,2503004544,1
7,2503004545,1
7,2503004546,1
7,2503004547,1
7,2503004548,1
7,2503004549,1
7,2503004550,1
7,2503004551,1
7,2503004669,1
7,2503004711,1
7,2503004999,1
7,2503005000,1
7,2504000347,1
7,2504000348,1
7,2504000349,1
7,2504000350,1
7,2504000351,1
7,2504000352,1
7,2504000353,1
7,2504000354,1
7,2504000355,1
7,2504000356,1
7,2504000357,1
7,2504000358,1
7,2504000359,1
7,2504000360,1
7,2504000361,1
7,2504000362,1
7,2504000363,1
7,2504000364,1
7,2504000365,1
7,2504000366,1
7,2504000367,1
7,2504000368,1
7,2504000369,1
7,2504000370,1
7,2504000372,1
7,2504000373,1
7,2504000374,1
7,2504000376,1
7,2504000377,1
7,2504000415,1
7,2504000416,1
7,2504000417,1
7,2504000420,1
7,2504000421,1
7,2504000422,1
7,2504000425,1
7,2504000426,1
7,2504000435,1
7,2504000436,1
7,2504000437,1
7,2504000438,1
7,2504000439,1
7,2504000440,1
7,2504000441,1
7,2504000442,1
7,2504000443,1
7,2504000444,1
7,2504000445,1
7,2504000446,1
7,2504000447,1
7,2504000448,1
7,2504000449,1
7,2504000450,1
7,2504000451,1
7,2504000452,1
7,2504000453,1
7,2504000454,1
7,2504000455,1
8,2502000140,1
8,2502000291,1
8,2502000773,1
8,2502000775,1
8,2502000777,1
8,2503000088,1
8,2503000089,1
8,2503000093,1
8,2503000100,1
8,2503000102,1
8,2503000105,1
8,2503000106,1
8,2503000108,1
8,2503000109,1
8,2503000112,1
8,2503000275,1
8,2503000276,1
8,2503000282,1
8,2503000283,1
8,2503001124,1
8,2503001125,1
8,2503001126,1
8,2503001127,1
8,2503001128,1
8,2503001129,1
8,2503001130,1
8,2503001131,1
8,2503001133,1
8,2503001134,1
8,2503001136,1
8,2503001137,1
8,2503001138,1
8,2503001139,1
8,2503001140,1
8,2503001141,1
8,2503001142,1
8,2503001143,1
8,2503001144,1
8,2503001145,1
8,2503001146,1
8,2503001147,1
8,2503001148,1
8,2503001149,1
8,2503001150,1
8,2503001151,1
8,2503001152,1
8,2503001153,1
8,2503001154,1
8,2503001155,1
8,2503001478,1
8,2503001479,1
8,2503001480,1
8,2503001481,1
8,2503001482,1
8,2503001483,1
8,2503001484,1
8,2503001485,1
8,2503001486,1
8,2503001487,1
8,2503001488,1
8,2503001489,1
8,2503001490,1
8,2503001491,1
8,2503001492,1
8,2503001493,1
8,2503001494,1
8,2503001495,1
8,2503001496,1
8,2503001497,1
8,2503001498,1
8,2503001499,1
8,2503001500,1
8,2503001502,1
8,2503001504,1
8,2503001505,1
8,2503001506,1
8,2503001507,1
8,2503001961,1
8,2503001962,1
8,2503001967,1
8,2503001968,1
8,2503001971,1
8,2503001973,1
8,2503001974,1
8,2503001975,1
8,2503001976,1
8,2503001977,1
8,2503001978,1
8,2503001979,1
8,2503001980,1
8,2503001981,1
8,2503001982,1
8,2503001983,1
8,2503001984,1
8,2503001985,1
8,2503001986,1
8,2503001987,1
8,2503001988,1
8,2503001989,1
8,2503001990,1
8,2503001991,1
8,2503001992,1
8,2503001995,1
8,2503001998,1
8,2503002363,1
8,2503002380,1
8,2503002382,1
8,2503002385,1
8,2503002388,1
8,2503002548,1
8,2503002549,1
8,2503002550,1
8,2503002551,1
8,2503002552,1
8,2503002553,1
8,2503002554,1
8,2503002555,1
8,2503002556,1
8,2503002557,1
8,2503002558,1
8,2503002559,1
8,2503002560,1
8,2503002561,1
8,2503002562,1
8,2503002563,1
8,2503002564,1
8,2503002565,1
8,2503002566,1
8,2503002567,1
8,2503002568,1
8,2503002569,1
8,2503002570,1
8,2503002571,1
8,2503002572,1
8,2503002573,1
8,2503002574,1
8,2503002575,1
8,2503002576,1
8,2503002577,1
8,2503002578,1
8,2503002579,1
8,2503002580,1
8,2503002581,1
8,2503002582,1
8,2503002583,1
8,2503002584,1
8,2503002585,1
8,2503002586,1
8,2503002587,1
8,2503002588,1
8,2503002589,1
8,2503002590,1
8,2503002591,1
8,2503002592,1
8,2503002593,1
8,2503002594,1
8,2503003226,1
8,2503003227,1
8,2503003229,1
8,2503003230,1
8,2503003231,1
8,2503003233,1
8,2503003234,1
8,2503003235,1
8,2503003247,1
8,2503003248,1
8,2503003249,1
8,2503003250,1
8,2503003251,1
8,2503003252,1
8,2503003253,1
8,2503003254,1
8,2503003256,1
8,2503003257,1
8,2503003258,1
8,2503003259,1
8,2503003260,1
8,2503003261,1
8,2503003262,1
8,2503003264,1
8,2503003265,1
8,2503003266,1
8,2503003309,1
8,2503003310,1
8,2503003322,1
8,2503003323,1
8,2503003324,1
8,2503003325,1
8,2503003326,1
8,2503003327,1
8,2503003836,1
8,2503003837,1
8,2503003838,1
8,2503003839,1
8,2503003840,1
8,2503003841,1
8,2503003842,1
8,2503003843,1
8,2503003844,1
8,2503003845,1
8,2503003846,1
8,2503003847,1
8,2503003848,1
8,2503003849,1
8,2503003850,1
8,2503003851,1
8,2503003852,1
8,2503003853,1
8,2503003854,1
8,2503003855,1
8,2503003856,1
8,2503003857,1
8,2503003858,1
8,2503003859,1
8,2503003860,1
8,2503003861,1
8,2503003862,1
8,2503003863,1
8,2503003864,1
8,2503003865,1
8,2503003866,1
8,2503004183,1
8,2503004258,1
8,2503004850,1
8,2503004851,1
8,2503004852,1
8,2503004853,1
8,2503004940,1
8,2503004941,1
8,2503004942,1
8,2503004943,1
8,2504000217,1
8,2504000218,1
8,2504000219,1
9,2502000136,1
9,2503000092,1
9,2503000094,1
9,2503000095,1
9,2503000096,1
9,2503000097,1
9,2503000098,1
9,2503000113,1
9,2503000114,1
9,2503000115,1
9,2503000116,1
9,2503000117,1
9,2503000118,1
9,2503000119,1
9,2503000121,1
9,2503000162,1
9,2503000163,1
9,2503000164,1
9,2503000165,1
9,2503000166,1
9,2503000167,1
9,2503000168,1
9,2503000169,1
9,2503000170,1
9,2503000171,1
9,2503000172,1
9,2503000174,1
9,2503000175,1
9,2503000176,1
9,2503000177,1
9,2503000178,1
9,2503000179,1
9,2503000180,1
9,2503000181,1
9,2503000182,1
9,2503000183,1
9,2503000184,1
9,2503000239,1
9,2503000244,1
9,2503000256,1
9,2503000258,1
9,2503000260,1
9,2503000271,1
9,2503002389,1
9,2503003311,1
9,2503003312,1
9,2503003313,1
9,2503003314,1
9,2503003315,1
9,2503003316,1
9,2503003317,1
9,2503003318,1
9,2503003319,1
9,2503003320,1
9,2503003321,1
9,2503004666,1
10,2503004492,1
10,2503004493,1
11,2502000043,1
11,2502000045,1
11,2502000046,1
11,2502000049,1
11,2502000141,1
11,2502000284,1
11,2502000285,1
11,2502000286,1
11,2502000288,1
11,2502000289,1
11,2502000292,1
11,2502000293,1
11,2502000561,1
11,2502000790,1
11,2502000791,1
11,2502000792,1
11,2502000793,1
11,2502000794,1
11,2502000795,1
11,2502000796,1
11,2502000797,1
11,2502000798,1
11,2502000799,1
11,2502000800,1
11,2502000801,1
11,2502000802,1
11,2502000803,1
11,2502000804,1
11,2502000805,1
11,2502000806,1
11,2502000807,1
11,2502000808,1
11,2502000809,1
11,2502000810,1
11,2502000811,1
11,2502000812,1
11,2502000813,1
11,2502000814,1
11,2502000815,1
11,2502000816,1
11,2502000817,1
11,2502000818,1
11,2502000819,1
11,2502000820,1
11,2502000821,1
11,2502000822,1
11,2502000823,1
11,2502000824,1
11,2502000825,1
11,2502000826,1
11,2502000827,1
11,2502000828,1
11,2502000829,1
11,2502000830,1
11,2502000831,1
11,2502000832,1
11,2502000833,1
11,2502000834,1
11,2502000835,1
11,2502000836,1
11,2502000837,1
11,2502000838,1
11,2502000839,1
11,2502000840,1
11,2502000841,1
11,2502000842,1
11,2502000843,1
11,2502000844,1
11,2502000845,1
11,2502000846,1
11,2502000847,1
11,2502000848,1
11,2502000849,1
11,2502000850,1
11,2502000851,1
11,2502000852,1
11,2502000853,1
11,2502000854,1
11,2502000855,1
11,2502000856,1
11,2502000857,1
11,2502000858,1
11,2502000859,1
11,2502000942,1
11,2502000943,1
11,2502000944,1
11,2502000945,1
11,2502000946,1
11,2502000947,1
11,2502000948,1
11,2502000949,1
11,2502000950,1
11,2502000951,1
11,2502000952,1
11,2502000953,1
11,2502000954,1
11,2502000955,1
11,2502000956,1
11,2502000957,1
11,2502000958,1
11,2502000959,1
11,2502000960,1
11,2502000961,1
11,2502000962,1
11,2502000963,1
11,2502000964,1
11,2502000965,1
11,2502000966,1
11,2502000967,1
11,2502000968,1
11,2502000969,1
11,2502000970,1
11,2502000971,1
11,2502000972,1
11,2502000973,1
11,2502000974,1
11,2502000975,1
11,2502001023,1
11,2502001024,1
11,2502001029,1
11,2502001030,1
11,2502001031,1
11,2502001033,1
11,2502001034,1
11,2502001042,1
11,2502001044,1
11,2502001048,1
11,2502001091,1
11,2502001092,1
11,2502001096,1
11,2502001097,1
11,2502001098,1
11,2502001099,1
11,2502001100,1
11,2502001101,1
11,2502001102,1
11,2502001103,1
11,2502001104,1
11,2502001105,1
11,2502001106,1
11,2502001107,1
11,2502001108,1
11,2502001109,1
11,2502001110,1
11,2502001111,1
11,2502001112,1
11,2502001113,1
11,2502001114,1
11,2502001115,1
11,2502001116,1
11,2502001117,1
11,2502001118,1
11,2502001119,1
11,2502001120,1
11,2502001121,1
11,2502001182,1
11,2502001183,1
11,2502001184,1
11,2502001186,1
11,2502001187,1
11,2502001188,1
11,2502001189,1
11,2502001190,1
11,2502001191,1
11,2502001192,1
11,2502001193,1
11,2502001194,1
11,2502001195,1
11,2502001196,1
11,2502001197,1
11,2502001198,1
11,2502001202,1
11,2502001203,1
11,2502001204,1
11,2502001205,1
11,2502001206,1
11,2502001207,1
11,2502001208,1
11,2502001209,1
11,2502001210,1
11,2502001211,1
11,2502001212,1
11,2502001213,1
11,2502001214,1
11,2502001215,1
11,2503000001,1
11,2503000002,1
11,2503000003,1
11,2503000004,1
11,2503000005,1
11,2503000006,1
11,2503000007,1
11,2503000008,1
11,2503000009,1
11,2503000010,1
11,2503000011,1
11,2503000012,1
11,2503000013,1
11,2503000014,1
11,2503000015,1
11,2503000016,1
11,2503000017,1
11,2503000018,1
11,2503000019,1
11,2503000020,1
11,2503000021,1
11,2503000022,1
11,2503000023,1
11,2503000024,1
11,2503000025,1
11,2503000026,1
11,2503000027,1
11,2503000028,1
11,2503000029,1
11,2503000030,1
11,2503000031,1
11,2503000032,1
11,2503000033,1
11,2503000034,1
11,2503000035,1
11,2503000521,1
11,2503000522,1
11,2503000523,1
11,2503000524,1
11,2503000525,1
11,2503000526,1
11,2503000527,1
11,2503000528,1
11,2503000529,1
11,2503000530,1
11,2503000531,1
11,2503000532,1
11,2503000533,1
11,2503000534,1
11,2503000535,1
11,2503000536,1
11,2503000537,1
11,2503000538,1
11,2503000539,1
11,2503000540,1
11,2503000541,1
11,2503000542,1
11,2503000846,1
11,2503000859,1
11,2503000860,1
11,2503000950,1
11,2503000951,1
11,2503000952,1
11,2503000953,1
11,2503000954,1
11,2503000955,1
11,2503000956,1
11,2503000957,1
11,2503000958,1
11,2503000959,1
11,2503000960,1
11,2503000961,1
11,2503000962,1
11,2503000964,1
11,2503000965,1
11,2503000967,1
11,2503000968,1
11,2503000969,1
11,2503000970,1
11,2503000971,1
11,2503000975,1
11,2503001073,1
11,2503001074,1
11,2503001245,1
11,2503001246,1
11,2503001247,1
11,2503001248,1
11,2503001249,1
11,2503001250,1
11,2503001251,1
11,2503001252,1
11,2503001261,1
11,2503001262,1
11,2503001264,1
11,2503001265,1
11,2503001266,1
11,2503001268,1
11,2503001269,1
11,2503001270,1
11,2503001271,1
11,2503001272,1
11,2503001273,1
11,2503001274,1
11,2503001277,1
11,2503001278,1
11,2503001279,1
11,2503001280,1
11,2503001281,1
11,2503001282,1
11,2503001283,1
11,2503001284,1
11,2503001285,1
11,2503001286,1
11,2503001287,1
11,2503001288,1
11,2503001289,1
11,2503001290,1
11,2503001292,1
11,2503001293,1
11,2503001294,1
11,2503001295,1
11,2503001296,1
11,2503001297,1
11,2503001298,1
11,2503001300,1
11,2503001302,1
11,2503001304,1
11,2503001306,1
11,2503001307,1
11,2503001309,1
11,2503001311,1
11,2503001313,1
11,2503001314,1
11,2503001316,1
11,2503001318,1
11,2503001320,1
11,2503001323,1
11,2503001324,1
11,2503001326,1
11,2503001328,1
11,2503001330,1
11,2503001332,1
11,2503001334,1
11,2503001336,1
11,2503001338,1
11,2503001340,1
11,2503001342,1
11,2503001344,1
11,2503001346,1
11,2503001349,1
11,2503001350,1
11,2503001356,1
11,2503001358,1
11,2503001361,1
11,2503001362,1
11,2503001364,1
11,2503001366,1
11,2503001708,1
11,2503001709,1
11,2503001710,1
11,2503001711,1
11,2503001712,1
11,2503001713,1
11,2503001714,1
11,2503001715,1
11,2503001716,1
11,2503001717,1
11,2503001718,1
11,2503001719,1
11,2503001720,1
11,2503001721,1
11,2503001722,1
11,2503001723,1
11,2503001724,1
11,2503001725,1
11,2503001726,1
11,2503001727,1
11,2503001728,1
11,2503001729,1
11,2503001730,1
11,2503001731,1
11,2503001732,1
11,2503001733,1
11,2503001734,1
11,2503001735,1
11,2503001736,1
11,2503001737,1
11,2503001738,1
11,2503001739,1
11,2503001740,1
11,2503001741,1
11,2503001742,1
11,2503001743,1
11,2503001744,1
11,2503001745,1
11,2503001746,1
11,2503001747,1
11,2503001748,1
11,2503001749,1
11,2503001750,1
11,2503001751,1
11,2503001752,1
11,2503001753,1
11,2503001754,1
11,2503001755,1
11,2503001756,1
11,2503001757,1
11,2503001758,1
11,2503001759,1
11,2503001760,1
11,2503001761,1
11,2503001762,1
11,2503001763,1
11,2503001764,1
11,2503001765,1
11,2503001766,1
11,2503001767,1
11,2503001768,1
11,2503001769,1
11,2503001770,1
11,2503001771,1
11,2503001772,1
11,2503001773,1
11,2503001774,1
11,2503001775,1
11,2503001776,1
11,2503001777,1
11,2503001778,1
11,2503001779,1
11,2503001780,1
11,2503001781,1
11,2503001782,1
11,2503001783,1
11,2503001784,1
11,2503001785,1
11,2503001786,1
11,2503001787,1
11,2503001788,1
11,2503001789,1
11,2503001792,1
11,2503001794,1
11,2503001795,1
11,2503001902,1
11,2503001903,1
11,2503001905,1
11,2503001906,1
11,2503001907,1
11,2503001908,1
11,2503001909,1
11,2503001910,1
11,2503001911,1
11,2503001912,1
11,2503001914,1
11,2503001915,1
11,2503001916,1
11,2503001917,1
11,2503001918,1
11,2503001919,1
11,2503001920,1
11,2503001921,1
11,2503001922,1
11,2503001923,1
11,2503001924,1
11,2503001925,1
11,2503001926,1
11,2503001927,1
11,2503001928,1
11,2503001930,1
11,2503001931,1
11,2503002418,1
11,2503002419,1
11,2503002430,1
11,2503002651,1
11,2503002657,1
11,2503002658,1
11,2503002660,1
11,2503002661,1
11,2503002662,1
11,2503002664,1
11,2503002665,1
11,2503002666,1
11,2503002670,1
11,2503002671,1
11,2503002672,1
11,2503002675,1
11,2503002676,1
11,2503002677,1
11,2503002678,1
11,2503002679,1
11,2503002682,1
11,2503002683,1
11,2503002684,1
11,2503002687,1
11,2503002688,1
11,2503002689,1
11,2503002690,1
11,2503002691,1
11,2503002695,1
11,2503002697,1
11,2503003041,1
11,2503003042,1
11,2503003043,1
11,2503003044,1
11,2503003045,1
11,2503003046,1
11,2503003047,1
11,2503003048,1
11,2503003049,1
11,2503003050,1
11,2503003051,1
11,2503003052,1
11,2503003053,1
11,2503003054,1
11,2503003055,1
11,2503003351,1
11,2503003353,1
11,2503003354,1
11,2503003355,1
11,2503003382,1
11,2503003383,1
11,2503003384,1
11,2503003386,1
11,2503003394,1
11,2503004209,1
11,2503004211,1
11,2503004213,1
11,2503004242,1
11,2503004388,1
11,2503004389,1
11,2503004390,1
11,2503004391,1
11,2503004392,1
11,2503004393,1
11,2503004394,1
11,2503004395,1
11,2503004396,1
11,2503004397,1
11,2503004398,1
11,2503004399,1
11,2503004400,1
11,2503004404,1
11,2503004405,1
11,2503004406,1
11,2503004407,1
11,2503004408,1
11,2503004409,1
11,2503004460,1
11,2503004468,1
11,2503004489,1
11,2503004491,1
11,2503004495,1
11,2503004921,1
11,2504000418,1
11,2504000419,1
11,2504000423,1
11,2504000424,1
11,2504000430,1
11,2504000431,1
11,2504000432,1
11,2504000433,1
11,2504000434,1
11,2504000499,1
11,2504000500,1
11,2504000501,1
11,2504000505,1
13,2502000270,1
13,2502000271,1
13,2502000272,1
13,2502000273,1
13,2502000275,1
13,2502000276,1
13,2502000277,1
13,2502000278,1
13,2502000336,1
13,2502000337,1
13,2502000338,1
13,2502000339,1
13,2502000340,1
13,2502000341,1
13,2502000342,1
13,2502000343,1
13,2502000344,1
13,2502000345,1
13,2502000346,1
13,2502000347,1
13,2502000349,1
13,2502000351,1
13,2502000352,1
13,2502000353,1
13,2502000354,1
13,2502000355,1
13,2502000356,1
13,2502000357,1
13,2502000358,1
13,2502000360,1
13,2502000362,1
13,2502000364,1
13,2502000377,1
13,2502000379,1
13,2502000381,1
13,2502000383,1
13,2502000385,1
13,2502000387,1
13,2502000393,1
13,2502000400,1
13,2502000401,1
13,2502000402,1
13,2502000403,1
13,2502000404,1
13,2502000405,1
13,2502000406,1
13,2502000407,1
13,2502000408,1
13,2502000409,1
13,2502000410,1
13,2502000411,1
13,2502000412,1
13,2502000413,1
13,2502000414,1
13,2502000415,1
13,2502000416,1
13,2502000417,1
13,2502000418,1
13,2502000419,1
13,2502000420,1
13,2502000421,1
13,2502000422,1
13,2502000423,1
13,2502000424,1
13,2502000473,1
13,2502000475,1
13,2502000477,1
13,2502000479,1
13,2502000481,1
13,2502000483,1
13,2502000485,1
13,2502000487,1
13,2502000488,1
13,2502000489,1
13,2502000490,1
13,2502000491,1
13,2502000492,1
13,2502000493,1
13,2502000494,1
13,2502000495,1
13,2502000496,1
13,2502000497,1
13,2502000498,1
13,2502000499,1
13,2502000502,1
13,2502000503,1
13,2502000504,1
13,2502000505,1
13,2502000508,1
13,2502000510,1
13,2502000511,1
13,2502000512,1
13,2502000660,1
13,2502000661,1
13,2502000662,1
13,2502000774,1
13,2503001501,1
13,2503001503,1
13,2503001963,1
13,2503001964,1
13,2503001965,1
13,2503001966,1
13,2503001970,1
13,2503001972,1
13,2503001993,1
13,2503001994,1
13,2503001996,1
13,2503001997,1
13,2503001999,1
13,2503002000,1
13,2503002001,1
13,2503002187,1
13,2503002188,1
13,2503002189,1
13,2503002191,1
13,2503002193,1
13,2503002194,1
13,2503002195,1
13,2503002196,1
13,2503002198,1
13,2503002199,1
13,2503002200,1
13,2503002202,1
13,2503002203,1
13,2503002205,1
13,2503002211,1
13,2503002213,1
13,2503002249,1
13,2503002250,1
13,2503002251,1
13,2503002252,1
13,2503002253,1
13,2503002258,1
13,2503002259,1
13,2503002260,1
13,2503003680,1
13,2503003706,1
13,2503004496,1
13,2503004497,1
13,2503004498,1
13,2503004499,1
